Date/Time	Green Algae	Bluegreen	Diatoms	Cryptophyta	#5	#6	#7	Yellow substances	Total conc.	Transmission	Depth	Temp. Sample	Green Algae	Bluegreen	Diatoms	Cryptophyta	#5	#6	#7	Yellow substances	Total cell count	Trans. 700 nm	LED 3 [525 nm]	LED 4 [570 nm]	LED 5 [610 nm]	LED 6 [370 nm]	LED 7 [590 nm]	LED 8 [470 nm]	Pressure	Temp. LEDs	Temp. Sensor
date	µg/l	µg/l	µg/l	µg/l	µg/l	µg/l	µg/l	r.u.	µg/l	%	m	°C	cells/ml	cells/ml	cells/ml	cells/ml	cells/ml	cells/ml	cells/ml	r.u.	cells/ml	digits	digits	digits	digits	digits	digits	digits	bar	°C	°C
6/19/2023 2:12:19 PM	0.00	0.00	0.00	0.00	0.00	0.00	0.00	0.00	0.00	100.00	0.00	24.92	0	0	0	0	0	0	0	0	0	242.47	-0.30	0.03	3.06	0.26	1.97	-0.04	0.98	28.26	26.97
6/19/2023 2:12:22 PM	0.00	0.00	0.00	0.00	0.00	0.00	0.00	0.00	0.00	100.00	0.01	24.91	0	0	0	0	0	0	0	0	0	242.35	-0.20	0.01	3.03	0.37	1.76	0.05	0.98	28.26	27.01
6/19/2023 2:12:25 PM	0.00	0.00	0.00	0.00	0.00	0.00	0.00	0.00	0.00	100.00	0.01	24.92	0	0	0	0	0	0	0	0	0	242.36	-0.21	-0.07	3.05	0.37	1.78	0.13	0.98	28.26	26.97
6/19/2023 2:12:28 PM	0.00	0.00	0.00	0.00	0.00	0.00	0.00	0.00	0.00	100.00	0.01	24.90	0	0	0	0	0	0	0	0	0	241.96	-0.25	-0.04	2.99	0.37	1.77	0.08	0.98	28.27	27.04
6/19/2023 2:12:31 PM	0.00	0.00	0.00	0.00	0.00	0.00	0.00	0.00	0.00	100.00	0.01	24.90	0	0	0	0	0	0	0	0	0	242.56	-0.16	-0.10	3.04	0.37	1.84	0.03	0.98	28.27	27.10
6/19/2023 2:12:34 PM	0.00	0.00	0.00	0.00	0.00	0.00	0.00	0.00	0.00	100.00	0.01	24.94	0	0	0	0	0	0	0	0	0	242.51	-0.21	-0.14	2.97	0.37	1.72	0.03	0.98	28.31	27.05
6/19/2023 2:12:37 PM	0.00	0.00	0.00	0.00	0.00	0.00	0.00	0.00	0.00	100.00	0.00	24.92	0	0	0	0	0	0	0	0	0	242.50	-0.30	-0.07	3.00	0.50	1.73	0.09	0.98	28.29	27.09
6/19/2023 2:12:40 PM	0.00	0.00	0.00	0.00	0.00	0.00	0.00	0.00	0.00	100.00	0.00	24.92	0	0	0	0	0	0	0	0	0	242.43	-0.22	0.08	3.02	0.37	1.72	0.09	0.98	28.31	27.05
6/19/2023 2:12:43 PM	0.00	0.00	0.00	0.00	0.00	0.00	0.00	0.00	0.00	100.00	0.00	24.90	0	0	0	0	0	0	0	0	0	242.50	-0.27	-0.09	3.03	0.33	1.63	0.16	0.98	28.31	27.09
6/19/2023 2:12:46 PM	0.00	0.00	0.00	0.00	0.00	0.00	0.00	0.00	0.00	100.00	0.01	24.92	0	0	0	0	0	0	0	0	0	242.38	-0.15	0.00	2.97	0.46	1.69	0.07	0.98	28.31	27.10
6/19/2023 2:26:13 PM	0.65	0.00	2.25	0.00	0.00	0.00	0.00	0.61	2.90	100.00	-0.01	24.93	345	0	1011	0	0	0	0	0	1356	252.41	4.27	0.57	5.58	12.51	4.13	9.97	0.98	28.78	28.23
6/19/2023 2:26:16 PM	0.67	0.01	2.25	0.00	0.00	0.00	0.00	0.58	2.93	100.00	-0.01	24.92	357	11	1013	0	0	0	0	0	1380	252.07	4.26	0.60	5.70	12.26	4.20	9.85	0.98	28.75	28.21
6/19/2023 2:26:19 PM	1.14	0.02	2.03	0.00	0.00	0.00	0.00	0.58	3.19	100.00	-0.02	24.93	606	16	913	0	0	0	0	0	1535	251.83	4.07	0.63	5.79	12.40	4.25	10.03	0.98	28.75	28.20
6/19/2023 2:26:22 PM	1.10	0.00	2.06	0.00	0.00	0.00	0.00	0.56	3.16	100.00	-0.02	24.92	582	0	929	0	0	0	0	0	1511	252.28	4.06	0.56	5.57	12.17	4.23	10.03	0.98	28.77	28.26
6/19/2023 2:26:25 PM	1.09	0.00	2.05	0.00	0.00	0.00	0.00	0.58	3.14	100.00	-0.01	24.93	579	0	922	0	0	0	0	0	1500	252.06	4.07	0.53	5.72	12.34	4.14	10.03	0.98	28.78	28.18
6/19/2023 2:26:28 PM	1.18	0.00	2.02	0.00	0.00	0.00	0.00	0.58	3.19	100.00	-0.02	24.94	624	0	907	0	0	0	0	0	1531	251.80	4.04	0.59	5.73	12.35	4.25	10.03	0.98	28.80	28.23
6/19/2023 2:26:31 PM	1.05	0.00	2.02	0.00	0.00	0.00	0.00	0.59	3.07	100.00	-0.02	24.93	555	0	909	0	0	0	0	0	1465	251.57	4.03	0.62	5.73	12.39	4.11	9.92	0.98	28.79	28.21
6/19/2023 2:26:34 PM	0.92	0.00	2.16	0.00	0.00	0.00	0.00	0.58	3.08	100.00	-0.01	24.93	488	0	970	0	0	0	0	0	1458	252.03	4.17	0.56	5.57	12.31	4.35	10.00	0.98	28.78	28.20
6/19/2023 2:26:37 PM	1.10	0.00	2.08	0.00	0.00	0.00	0.00	0.57	3.18	100.00	-0.02	24.93	580	1	937	0	0	0	0	0	1519	251.83	4.11	0.65	5.74	12.31	4.26	10.04	0.98	28.79	28.25
6/19/2023 2:26:40 PM	0.96	0.00	2.10	0.00	0.00	0.00	0.00	0.59	3.07	100.00	-0.02	24.92	509	0	947	0	0	0	0	0	1456	252.14	4.12	0.71	5.67	12.41	4.14	10.00	0.98	28.76	28.25
6/19/2023 2:32:06 PM	0.90	0.22	0.92	0.00	0.00	0.00	0.00	0.41	2.03	100.00	-0.03	24.93	477	215	412	0	0	0	0	0	1104	251.24	2.19	0.31	5.46	8.30	3.72	5.96	0.98	28.85	28.55
6/19/2023 2:32:10 PM	0.90	0.21	0.92	0.00	0.00	0.00	0.00	0.42	2.03	100.00	-0.02	24.95	478	208	415	0	0	0	0	0	1102	251.15	2.20	0.42	5.41	8.41	3.76	6.01	0.98	28.90	28.57
6/19/2023 2:32:13 PM	1.03	0.18	0.85	0.00	0.00	0.00	0.00	0.42	2.07	100.00	-0.02	24.95	547	181	384	0	0	0	0	0	1113	251.36	2.12	0.36	5.33	8.36	3.76	6.02	0.98	28.90	28.59
6/19/2023 2:32:16 PM	1.09	0.10	0.79	0.12	0.00	0.00	0.00	0.41	2.10	100.00	-0.02	24.93	578	99	357	4	0	0	0	0	1037	250.63	2.18	0.38	5.17	8.35	3.89	6.13	0.98	28.87	28.55
6/19/2023 2:32:18 PM	0.82	0.18	0.95	0.00	0.00	0.00	0.00	0.43	1.95	100.00	-0.02	24.95	435	182	428	0	0	0	0	0	1045	250.93	2.22	0.38	5.29	8.42	3.75	5.98	0.98	28.86	28.50
6/19/2023 2:32:21 PM	1.10	0.13	0.83	0.00	0.00	0.00	0.00	0.41	2.06	100.00	-0.02	24.98	582	129	373	0	0	0	0	0	1084	251.10	2.07	0.47	5.17	8.31	3.72	6.03	0.98	28.90	28.59
6/19/2023 2:32:25 PM	1.13	0.11	0.93	0.01	0.00	0.00	0.00	0.38	2.18	100.00	-0.03	24.96	601	111	417	0	0	0	0	0	1129	250.66	2.18	0.42	5.19	8.14	3.80	6.21	0.98	28.86	28.57
6/19/2023 2:32:27 PM	0.93	0.13	1.00	0.00	0.00	0.00	0.00	0.41	2.06	100.00	-0.02	24.96	491	133	452	0	0	0	0	0	1076	250.81	2.27	0.45	5.21	8.39	3.77	6.19	0.98	28.89	28.57
6/19/2023 2:32:30 PM	1.53	0.13	0.68	0.00	0.00	0.00	0.00	0.39	2.34	100.00	-0.02	24.96	812	130	305	0	0	0	0	0	1247	250.75	1.95	0.36	5.32	8.32	3.74	6.26	0.98	28.87	28.55
6/19/2023 2:32:33 PM	1.21	0.15	0.89	0.00	0.00	0.00	0.00	0.40	2.25	100.00	-0.02	24.99	642	146	401	0	0	0	0	0	1189	250.85	2.19	0.38	5.34	8.40	3.78	6.32	0.98	28.90	28.60
6/19/2023 2:35:15 PM	2.54	0.00	2.75	0.00	0.00	0.00	0.00	0.45	5.29	100.00	-0.02	24.98	1345	0	1238	0	0	0	0	0	2582	250.14	5.31	0.85	6.51	13.75	5.36	13.67	0.98	28.95	28.75
6/19/2023 2:35:18 PM	2.68	0.00	2.70	0.00	0.00	0.00	0.00	0.45	5.38	100.00	-0.02	24.99	1420	0	1214	0	0	0	0	0	2634	250.29	5.28	0.83	6.54	13.84	5.37	13.77	0.98	28.95	28.83
6/19/2023 2:35:21 PM	2.62	0.00	2.79	0.00	0.00	0.00	0.00	0.44	5.41	100.00	-0.02	24.99	1389	0	1255	0	0	0	0	0	2644	249.87	5.38	0.89	6.59	13.83	5.43	13.86	0.98	28.95	28.75
6/19/2023 2:35:24 PM	2.56	0.00	2.77	0.00	0.00	0.00	0.00	0.44	5.32	100.00	-0.02	24.98	1355	0	1245	0	0	0	0	0	2600	249.82	5.35	0.76	6.58	13.77	5.24	13.77	0.98	28.94	28.75
6/19/2023 2:35:27 PM	2.64	0.00	2.76	0.00	0.00	0.00	0.00	0.42	5.40	100.00	-0.02	24.99	1401	0	1241	0	0	0	0	0	2641	249.78	5.32	0.69	6.53	13.58	5.26	13.81	0.98	28.95	28.75
6/19/2023 2:35:30 PM	2.47	0.00	2.71	0.00	0.00	0.00	0.00	0.46	5.18	100.00	-0.02	24.98	1308	0	1221	0	0	0	0	0	2528	249.93	5.25	0.73	6.40	13.69	5.24	13.54	0.98	28.95	28.75
6/19/2023 2:35:33 PM	2.83	0.00	2.61	0.00	0.00	0.00	0.00	0.44	5.44	100.00	-0.02	24.99	1500	0	1173	0	0	0	0	0	2673	249.96	5.18	0.74	6.56	13.72	5.27	13.77	0.98	28.96	28.78
6/19/2023 2:35:36 PM	2.91	0.00	2.56	0.00	0.00	0.00	0.00	0.44	5.47	100.00	-0.02	24.99	1542	0	1153	0	0	0	0	0	2695	249.68	5.15	0.76	6.67	13.78	5.30	13.75	0.98	28.94	28.75
6/19/2023 2:35:39 PM	2.78	0.01	2.57	0.00	0.00	0.00	0.00	0.44	5.36	100.00	-0.02	25.00	1473	10	1159	0	0	0	0	0	2641	249.98	5.15	0.73	6.72	13.68	5.30	13.54	0.98	28.95	28.75
6/19/2023 2:35:42 PM	2.49	0.04	2.73	0.00	0.00	0.00	0.00	0.46	5.26	100.00	-0.02	24.98	1319	40	1229	0	0	0	0	0	2588	250.13	5.31	0.87	6.74	13.79	5.35	13.54	0.98	28.95	28.75
6/19/2023 2:37:37 PM	2.53	0.00	2.82	0.00	0.00	0.00	0.00	0.45	5.35	100.00	-0.02	25.00	1341	0	1267	0	0	0	0	0	2609	253.39	5.35	0.68	5.89	13.77	4.81	14.27	0.98	29.00	28.88
6/19/2023 2:37:40 PM	2.52	0.00	2.85	0.00	0.00	0.00	0.00	0.44	5.38	100.00	-0.02	24.99	1338	0	1284	0	0	0	0	0	2622	253.43	5.39	0.67	5.96	13.73	4.78	14.32	0.98	29.00	28.86
6/19/2023 2:37:43 PM	2.67	0.00	2.76	0.00	0.00	0.00	0.00	0.45	5.43	100.00	-0.02	25.00	1416	0	1242	0	0	0	0	0	2658	253.18	5.32	0.61	6.04	13.86	4.81	14.33	0.98	29.00	28.91
6/19/2023 2:37:46 PM	2.32	0.00	2.98	0.00	0.00	0.00	0.00	0.45	5.29	100.00	-0.02	25.00	1227	0	1340	0	0	0	0	0	2567	253.21	5.51	0.73	5.93	13.75	4.68	14.35	0.98	29.00	28.86
6/19/2023 2:37:49 PM	2.27	0.00	2.91	0.00	0.00	0.00	0.00	0.47	5.18	100.00	-0.03	24.99	1202	0	1309	0	0	0	0	0	2511	253.13	5.44	0.59	5.93	13.82	4.63	14.18	0.98	29.00	28.84
6/19/2023 2:37:52 PM	2.46	0.00	2.89	0.00	0.00	0.00	0.00	0.44	5.35	100.00	-0.02	25.02	1306	0	1300	0	0	0	0	0	2606	253.43	5.43	0.67	5.94	13.72	4.80	14.31	0.98	29.05	29.00
6/19/2023 2:37:55 PM	2.38	0.00	2.94	0.00	0.00	0.00	0.00	0.44	5.32	100.00	-0.02	25.00	1260	0	1324	0	0	0	0	0	2584	252.84	5.49	0.60	5.96	13.75	4.74	14.34	0.98	29.00	28.91
6/19/2023 2:37:58 PM	2.36	0.00	2.96	0.00	0.00	0.00	0.00	0.44	5.32	100.00	-0.02	25.01	1252	0	1333	0	0	0	0	0	2585	253.02	5.50	0.63	5.89	13.72	4.67	14.40	0.98	29.00	28.91
6/19/2023 2:38:01 PM	2.48	0.00	2.86	0.00	0.00	0.00	0.00	0.46	5.35	100.00	-0.02	25.00	1316	0	1288	0	0	0	0	0	2604	253.25	5.45	0.51	6.01	13.94	4.82	14.34	0.98	29.00	28.92
6/19/2023 2:38:04 PM	2.29	0.00	2.96	0.00	0.00	0.00	0.00	0.44	5.26	100.00	-0.03	25.01	1216	0	1334	0	0	0	0	0	2550	252.48	5.49	0.62	5.94	13.69	4.64	14.28	0.98	29.01	28.91
6/19/2023 2:41:13 PM	1.62	0.00	3.45	0.00	0.00	0.00	0.00	0.54	5.06	100.00	-0.02	25.02	856	0	1551	0	0	0	0	0	2407	250.30	6.14	0.72	5.97	14.82	4.83	14.80	0.98	29.11	29.04
6/19/2023 2:41:16 PM	1.80	0.00	3.39	0.00	0.00	0.00	0.00	0.52	5.19	100.00	-0.03	25.05	955	0	1525	0	0	0	0	0	2480	250.21	6.09	0.86	6.00	14.80	4.94	14.87	0.98	29.12	29.10
6/19/2023 2:41:19 PM	1.55	0.00	3.56	0.00	0.00	0.00	0.00	0.53	5.11	100.00	-0.03	25.03	820	0	1603	0	0	0	0	0	2423	250.43	6.31	0.75	6.13	14.94	4.99	14.90	0.98	29.10	29.04
6/19/2023 2:41:22 PM	1.64	0.00	3.49	0.00	0.00	0.00	0.00	0.54	5.12	100.00	-0.03	25.02	867	0	1570	0	0	0	0	0	2436	250.76	6.23	0.72	6.09	14.98	4.99	14.89	0.98	29.11	29.05
6/19/2023 2:41:25 PM	1.68	0.00	3.54	0.00	0.00	0.00	0.00	0.52	5.23	100.00	-0.03	25.04	891	0	1595	0	0	0	0	0	2486	249.77	6.28	0.74	6.07	14.85	4.86	15.09	0.98	29.10	29.07
6/19/2023 2:41:28 PM	1.44	0.00	3.58	0.00	0.00	0.00	0.00	0.54	5.02	100.00	-0.03	25.06	764	0	1611	0	0	0	0	0	2376	250.25	6.30	0.67	6.00	14.89	4.87	14.87	0.98	29.11	29.12
6/19/2023 2:41:31 PM	1.46	0.00	3.63	0.00	0.00	0.00	0.00	0.53	5.09	100.00	-0.03	25.05	773	0	1633	0	0	0	0	0	2406	250.41	6.37	0.73	6.11	14.90	5.00	14.91	0.98	29.15	29.20
6/19/2023 2:41:34 PM	1.59	0.00	3.54	0.00	0.00	0.00	0.00	0.54	5.12	100.00	-0.03	25.06	842	0	1591	0	0	0	0	0	2433	250.29	6.27	0.82	6.07	14.96	4.99	14.93	0.98	29.12	29.12
6/19/2023 2:41:37 PM	1.79	0.00	3.51	0.00	0.00	0.00	0.00	0.51	5.30	100.00	-0.03	25.04	950	0	1578	0	0	0	0	0	2529	250.46	6.24	0.83	6.05	14.85	4.88	15.17	0.98	29.13	29.12
6/19/2023 2:41:40 PM	1.62	0.00	3.55	0.00	0.00	0.00	0.00	0.55	5.17	100.00	-0.03	25.05	858	0	1597	0	0	0	0	0	2455	250.45	6.31	0.80	6.10	15.11	4.90	15.09	0.98	29.14	29.10
6/19/2023 2:43:53 PM	1.93	0.00	4.06	0.00	0.00	0.00	0.00	0.44	5.99	100.00	-0.04	25.06	1024	0	1825	0	0	0	0	0	2849	251.49	7.01	1.05	6.72	15.21	5.67	16.26	0.98	29.22	29.21
6/19/2023 2:43:56 PM	1.71	0.00	4.19	0.00	0.00	0.00	0.00	0.45	5.89	100.00	-0.04	25.06	904	0	1884	0	0	0	0	0	2789	251.22	7.15	1.06	6.71	15.30	5.68	16.28	0.98	29.22	29.18
6/19/2023 2:43:59 PM	2.12	0.00	3.98	0.00	0.00	0.00	0.00	0.43	6.10	100.00	-0.04	25.06	1124	0	1792	0	0	0	0	0	2916	251.25	6.95	0.92	6.70	15.18	5.65	16.38	0.98	29.20	29.20
6/19/2023 2:44:02 PM	1.90	0.00	4.06	0.00	0.00	0.00	0.00	0.45	5.96	100.00	-0.04	25.06	1005	0	1827	0	0	0	0	0	2832	251.03	7.04	0.96	6.81	15.35	5.61	16.27	0.98	29.21	29.21
6/19/2023 2:44:05 PM	2.11	0.00	3.97	0.00	0.00	0.00	0.00	0.45	6.08	100.00	-0.04	25.06	1119	0	1787	0	0	0	0	0	2905	250.80	6.94	1.03	6.71	15.37	5.63	16.41	0.98	29.22	29.25
6/19/2023 2:44:08 PM	1.70	0.00	4.14	0.00	0.00	0.00	0.00	0.46	5.84	100.00	-0.04	25.08	900	0	1862	0	0	0	0	0	2762	250.91	7.10	0.98	6.71	15.33	5.60	16.20	0.98	29.25	29.28
6/19/2023 2:44:11 PM	1.92	0.00	4.06	0.00	0.00	0.00	0.00	0.46	5.98	100.00	-0.04	25.06	1018	0	1827	0	0	0	0	0	2845	250.81	7.04	0.96	6.67	15.40	5.64	16.37	0.98	29.22	29.18
6/19/2023 2:44:14 PM	1.71	0.00	4.17	0.00	0.00	0.00	0.00	0.47	5.88	100.00	-0.04	25.06	908	0	1878	0	0	0	0	0	2785	250.66	7.16	1.02	6.64	15.51	5.58	16.40	0.98	29.23	29.20
6/19/2023 2:44:17 PM	2.14	0.00	3.98	0.00	0.00	0.00	0.00	0.44	6.12	100.00	-0.04	25.06	1134	0	1792	0	0	0	0	0	2926	250.41	6.96	1.01	6.59	15.35	5.76	16.48	0.98	29.21	29.20
6/19/2023 2:44:20 PM	1.85	0.00	4.07	0.00	0.00	0.00	0.00	0.47	5.92	100.00	-0.04	25.06	982	0	1833	0	0	0	0	0	2814	250.48	7.05	1.07	6.64	15.49	5.62	16.35	0.98	29.23	29.20
6/19/2023 2:46:27 PM	1.02	0.00	3.07	0.00	0.00	0.00	0.00	0.55	4.08	100.00	-0.05	25.07	539	0	1380	0	0	0	0	0	1918	252.50	5.38	0.88	5.22	13.59	4.42	12.92	0.98	29.31	29.29
6/19/2023 2:46:30 PM	1.26	0.00	2.94	0.00	0.00	0.00	0.00	0.56	4.20	100.00	-0.04	25.06	668	0	1323	0	0	0	0	0	1991	252.28	5.30	0.75	5.35	13.71	4.38	13.01	0.98	29.31	29.31
6/19/2023 2:46:33 PM	1.05	0.00	3.09	0.00	0.00	0.00	0.00	0.55	4.14	100.00	-0.04	25.06	556	0	1389	0	0	0	0	0	1945	252.25	5.44	0.77	5.31	13.63	4.52	12.97	0.98	29.31	29.31
6/19/2023 2:46:36 PM	1.02	0.00	3.09	0.00	0.00	0.00	0.00	0.56	4.12	100.00	-0.05	25.07	543	0	1392	0	0	0	0	0	1935	252.38	5.46	0.76	5.33	13.77	4.53	12.99	0.98	29.34	29.36
6/19/2023 2:46:39 PM	1.05	0.00	3.16	0.00	0.00	0.00	0.00	0.54	4.21	100.00	-0.05	25.06	558	0	1421	0	0	0	0	0	1978	252.18	5.53	0.73	5.38	13.63	4.45	13.14	0.98	29.35	29.33
6/19/2023 2:46:42 PM	1.10	0.00	3.09	0.00	0.00	0.00	0.00	0.55	4.18	100.00	-0.05	25.07	581	0	1389	0	0	0	0	0	1970	252.36	5.46	0.71	5.36	13.71	4.41	13.09	0.98	29.36	29.36
6/19/2023 2:46:45 PM	0.97	0.00	3.10	0.00	0.00	0.00	0.00	0.56	4.07	100.00	-0.04	25.07	516	0	1394	0	0	0	0	0	1910	252.39	5.44	0.80	5.32	13.68	4.41	12.94	0.98	29.35	29.34
6/19/2023 2:46:48 PM	1.06	0.00	3.14	0.00	0.00	0.00	0.00	0.55	4.20	100.00	-0.04	25.06	562	0	1413	0	0	0	0	0	1975	252.29	5.50	0.83	5.26	13.72	4.45	13.19	0.98	29.33	29.33
6/19/2023 2:46:51 PM	1.07	0.00	3.10	0.00	0.00	0.00	0.00	0.56	4.17	100.00	-0.05	25.07	565	0	1397	0	0	0	0	0	1962	252.15	5.47	0.79	5.33	13.76	4.38	13.13	0.98	29.36	29.36
6/19/2023 2:46:54 PM	0.98	0.00	3.14	0.00	0.00	0.00	0.00	0.56	4.12	100.00	-0.04	25.06	520	0	1411	0	0	0	0	0	1931	252.20	5.50	0.74	5.31	13.72	4.35	13.08	0.98	29.32	29.34
6/19/2023 2:49:30 PM	1.03	0.00	1.92	0.07	0.00	0.00	0.00	0.65	3.02	100.00	-0.05	25.07	545	0	865	2	0	0	0	0	1412	252.90	4.06	0.63	5.51	12.91	4.42	10.00	0.98	29.47	29.49
6/19/2023 2:49:33 PM	0.87	0.00	2.09	0.00	0.00	0.00	0.00	0.63	2.96	100.00	-0.04	25.09	459	0	942	0	0	0	0	0	1401	252.54	4.15	0.52	5.63	12.75	4.22	9.97	0.98	29.48	29.47
6/19/2023 2:49:36 PM	0.87	0.01	2.05	0.00	0.00	0.00	0.00	0.65	2.93	100.00	-0.05	25.07	459	12	924	0	0	0	0	0	1395	253.22	4.13	0.56	5.63	12.91	4.26	9.95	0.98	29.49	29.47
6/19/2023 2:49:39 PM	0.53	0.03	2.25	0.00	0.00	0.00	0.00	0.66	2.81	100.00	-0.05	25.08	281	28	1012	0	0	0	0	0	1321	253.21	4.33	0.65	5.71	12.94	4.18	9.94	0.98	29.49	29.49
6/19/2023 2:49:42 PM	0.65	0.00	2.20	0.00	0.00	0.00	0.00	0.64	2.84	100.00	-0.05	25.09	343	0	989	0	0	0	0	0	1332	252.53	4.23	0.70	5.52	12.77	4.24	9.92	0.98	29.50	29.44
6/19/2023 2:49:45 PM	0.85	0.00	2.08	0.02	0.00	0.00	0.00	0.66	2.94	100.00	-0.06	25.12	449	0	937	0	0	0	0	0	1386	252.70	4.16	0.81	5.50	13.02	4.29	10.07	0.98	29.51	29.47
6/19/2023 2:49:48 PM	0.74	0.00	2.05	0.04	0.00	0.00	0.00	0.68	2.83	100.00	-0.05	25.09	393	0	923	1	0	0	0	0	1317	252.91	4.16	0.70	5.49	13.11	4.30	9.94	0.98	29.51	29.47
6/19/2023 2:49:51 PM	0.79	0.02	2.09	0.00	0.00	0.00	0.00	0.68	2.89	100.00	-0.05	25.09	416	22	938	0	0	0	0	0	1376	252.60	4.19	0.56	5.63	13.14	4.29	10.00	0.98	29.48	29.47
6/19/2023 2:49:54 PM	1.00	0.00	1.99	0.01	0.00	0.00	0.00	0.66	3.00	100.00	-0.05	25.10	529	0	893	0	0	0	0	0	1423	252.49	4.08	0.59	5.47	13.07	4.38	10.08	0.98	29.50	29.46
6/19/2023 2:49:57 PM	0.99	0.00	2.08	0.00	0.00	0.00	0.00	0.64	3.07	100.00	-0.05	25.10	526	0	934	0	0	0	0	0	1461	252.74	4.15	0.64	5.49	12.94	4.32	10.21	0.98	29.49	29.44
6/19/2023 2:56:08 PM	2.35	0.00	6.89	0.00	0.00	0.00	0.00	0.61	9.23	100.00	-0.05	25.13	1244	0	3099	0	0	0	0	0	4343	253.79	11.48	1.52	8.02	22.51	7.02	25.62	0.98	29.93	29.68
6/19/2023 2:56:11 PM	2.50	0.00	6.87	0.00	0.00	0.00	0.00	0.60	9.38	100.00	-0.05	25.13	1326	0	3093	0	0	0	0	0	4419	254.10	11.50	1.43	7.95	22.62	7.08	25.87	0.98	29.93	29.71
6/19/2023 2:56:14 PM	2.53	0.00	6.84	0.00	0.00	0.00	0.00	0.62	9.37	100.00	-0.05	25.14	1339	0	3078	0	0	0	0	0	4417	254.16	11.49	1.54	8.04	22.84	7.02	25.90	0.98	29.93	29.71
6/19/2023 2:56:17 PM	2.78	0.00	6.75	0.00	0.00	0.00	0.00	0.61	9.54	100.00	-0.05	25.13	1475	0	3040	0	0	0	0	0	4514	254.00	11.43	1.45	8.15	22.83	7.15	25.99	0.98	29.93	29.75
6/19/2023 2:56:20 PM	2.63	0.00	6.86	0.00	0.00	0.00	0.00	0.62	9.49	100.00	-0.05	25.14	1395	0	3086	0	0	0	0	0	4481	253.95	11.55	1.50	8.14	22.96	7.06	26.10	0.98	29.93	29.65
6/19/2023 2:56:23 PM	2.67	0.00	6.86	0.00	0.00	0.00	0.00	0.62	9.52	100.00	-0.05	25.17	1414	0	3085	0	0	0	0	0	4499	253.91	11.55	1.46	8.05	22.99	7.15	26.16	0.98	29.94	29.75
6/19/2023 2:56:26 PM	2.80	0.00	6.81	0.00	0.00	0.00	0.00	0.60	9.62	100.00	-0.05	25.15	1486	0	3065	0	0	0	0	0	4551	254.02	11.49	1.48	8.04	22.83	6.98	26.26	0.98	29.93	29.70
6/19/2023 2:56:29 PM	2.57	0.00	7.02	0.00	0.00	0.00	0.00	0.58	9.59	100.00	-0.04	25.15	1363	0	3158	0	0	0	0	0	4521	253.89	11.69	1.48	8.03	22.68	7.07	26.31	0.98	29.93	29.66
6/19/2023 2:56:32 PM	2.71	0.00	6.89	0.00	0.00	0.00	0.00	0.60	9.60	100.00	-0.05	25.16	1435	0	3103	0	0	0	0	0	4538	253.78	11.58	1.53	8.05	22.86	7.07	26.29	0.98	29.93	29.66
6/19/2023 2:56:35 PM	2.56	0.00	6.95	0.00	0.00	0.00	0.00	0.61	9.52	100.00	-0.04	25.16	1358	0	3129	0	0	0	0	0	4487	253.43	11.64	1.41	7.93	22.87	7.09	26.26	0.98	29.95	29.71
6/19/2023 3:00:19 PM	2.84	0.00	6.30	0.00	0.00	0.00	0.00	0.57	9.14	100.00	-0.05	25.20	1506	0	2835	0	0	0	0	0	4342	252.20	10.75	1.53	8.09	21.71	7.56	24.41	0.98	30.28	29.81
6/19/2023 3:00:22 PM	2.80	0.00	6.40	0.00	0.00	0.00	0.00	0.56	9.20	100.00	-0.05	25.22	1485	0	2881	0	0	0	0	0	4366	251.78	10.87	1.55	8.10	21.73	7.76	24.52	0.98	30.30	29.86
6/19/2023 3:00:25 PM	2.94	0.00	6.28	0.00	0.00	0.00	0.00	0.56	9.21	100.00	-0.05	25.20	1556	0	2825	0	0	0	0	0	4381	251.91	10.73	1.46	7.94	21.72	7.76	24.48	0.98	30.29	29.81
6/19/2023 3:00:28 PM	2.71	0.00	6.46	0.00	0.00	0.00	0.00	0.55	9.17	100.00	-0.05	25.20	1435	0	2908	0	0	0	0	0	4343	251.89	10.91	1.49	7.80	21.63	7.82	24.57	0.98	30.29	29.81
6/19/2023 3:00:31 PM	3.05	0.00	6.28	0.00	0.00	0.00	0.00	0.54	9.33	100.00	-0.06	25.20	1618	0	2827	0	0	0	0	0	4445	251.86	10.74	1.43	8.01	21.57	7.86	24.55	0.98	30.30	29.86
6/19/2023 3:00:34 PM	3.00	0.00	6.36	0.00	0.00	0.00	0.00	0.52	9.36	100.00	-0.06	25.20	1592	0	2860	0	0	0	0	0	4452	251.89	10.82	1.46	8.03	21.51	7.82	24.63	0.98	30.29	29.83
6/19/2023 3:00:37 PM	3.01	0.00	6.33	0.00	0.00	0.00	0.00	0.53	9.35	100.00	-0.06	25.21	1598	0	2851	0	0	0	0	0	4448	251.67	10.80	1.45	8.09	21.57	7.78	24.61	0.98	30.31	29.84
6/19/2023 3:00:40 PM	3.14	0.00	6.27	0.00	0.00	0.00	0.00	0.54	9.40	100.00	-0.06	25.20	1662	0	2821	0	0	0	0	0	4482	252.04	10.76	1.41	8.04	21.72	7.86	24.68	0.98	30.30	29.83
6/19/2023 3:00:43 PM	2.76	0.00	6.40	0.00	0.00	0.00	0.00	0.55	9.16	100.00	-0.06	25.20	1461	0	2881	0	0	0	0	0	4343	251.67	10.87	1.44	8.05	21.66	7.76	24.44	0.98	30.29	29.84
6/19/2023 3:00:46 PM	2.65	0.00	6.52	0.00	0.00	0.00	0.00	0.55	9.17	100.00	-0.06	25.20	1406	0	2934	0	0	0	0	0	4339	251.62	11.01	1.30	8.13	21.66	7.78	24.54	0.98	30.30	29.83
6/19/2023 3:02:37 PM	2.38	0.00	6.61	0.00	0.00	0.00	0.00	0.59	8.99	100.00	-0.02	25.24	1262	0	2975	0	0	0	0	0	4238	251.26	11.04	1.55	7.78	21.85	6.72	24.94	0.98	30.49	29.87
6/19/2023 3:02:40 PM	2.37	0.00	6.66	0.00	0.00	0.00	0.00	0.59	9.03	100.00	-0.03	25.24	1255	0	2996	0	0	0	0	0	4251	251.45	11.09	1.56	7.58	21.90	6.80	25.09	0.98	30.49	29.91
6/19/2023 3:02:43 PM	2.53	0.00	6.66	0.00	0.00	0.00	0.00	0.56	9.19	100.00	-0.03	25.24	1343	0	2997	0	0	0	0	0	4340	251.10	11.10	1.61	7.56	21.82	6.88	25.29	0.98	30.49	29.84
6/19/2023 3:02:46 PM	2.46	0.00	6.71	0.00	0.00	0.00	0.00	0.57	9.17	100.00	-0.03	25.26	1304	0	3019	0	0	0	0	0	4323	251.27	11.17	1.54	7.65	21.92	6.85	25.32	0.98	30.49	29.84
6/19/2023 3:02:49 PM	2.59	0.00	6.65	0.00	0.00	0.00	0.00	0.58	9.24	100.00	-0.03	25.26	1373	0	2993	0	0	0	0	0	4367	251.06	11.12	1.62	7.54	22.06	6.73	25.52	0.98	30.52	29.94
6/19/2023 3:02:52 PM	2.39	0.00	6.73	0.00	0.00	0.00	0.00	0.58	9.12	100.00	-0.02	25.25	1266	0	3029	0	0	0	0	0	4296	251.29	11.18	1.59	7.57	21.93	6.79	25.32	0.98	30.56	29.97
6/19/2023 3:02:55 PM	2.71	0.00	6.60	0.00	0.00	0.00	0.00	0.59	9.31	100.00	-0.03	25.26	1438	0	2970	0	0	0	0	0	4409	251.07	11.11	1.49	7.63	22.18	6.82	25.57	0.98	30.54	29.91
6/19/2023 3:02:58 PM	2.71	0.00	6.61	0.00	0.00	0.00	0.00	0.58	9.32	100.00	-0.02	25.25	1435	0	2974	0	0	0	0	0	4409	251.01	11.12	1.56	7.72	22.16	6.96	25.48	0.98	30.55	29.91
6/19/2023 3:03:01 PM	2.69	0.00	6.71	0.00	0.00	0.00	0.00	0.56	9.40	100.00	-0.02	25.25	1425	0	3018	0	0	0	0	0	4443	251.20	11.21	1.64	7.77	22.04	6.95	25.62	0.98	30.55	29.91
6/19/2023 3:03:03 PM	2.36	0.00	6.83	0.00	0.00	0.00	0.00	0.58	9.19	100.00	-0.03	25.25	1253	0	3074	0	0	0	0	0	4326	251.24	11.35	1.49	7.88	22.08	6.80	25.46	0.98	30.55	29.94
6/19/2023 3:05:24 PM	0.00	0.00	0.00	0.00	0.00	0.00	0.00	0.00	0.00	100.00	-0.03	25.27	0	0	0	0	0	0	0	0	0	252.06	-0.17	0.10	2.71	0.89	1.88	0.04	0.98	30.80	29.95
6/19/2023 3:05:27 PM	0.00	0.00	0.00	0.00	0.00	0.00	0.00	0.00	0.00	100.00	-0.03	25.27	0	0	0	0	0	0	0	0	0	252.25	-0.10	0.11	2.81	0.94	1.76	0.02	0.98	30.80	29.99
6/19/2023 3:05:30 PM	0.00	0.00	0.00	0.00	0.00	0.00	0.00	0.00	0.00	100.00	-0.03	25.27	0	0	0	0	0	0	0	0	0	251.71	-0.09	0.18	2.76	0.89	1.84	0.05	0.98	30.80	29.99
6/19/2023 3:05:33 PM	0.00	0.00	0.00	0.00	0.00	0.00	0.00	0.00	0.00	100.00	-0.03	25.28	0	0	0	0	0	0	0	0	0	251.82	-0.09	0.05	2.80	0.83	1.78	0.03	0.98	30.81	29.99
6/19/2023 3:05:36 PM	0.00	0.00	0.00	0.00	0.00	0.00	0.00	0.00	0.00	100.00	-0.03	25.27	0	0	0	0	0	0	0	0	0	252.09	-0.03	0.16	2.78	0.79	1.80	0.04	0.98	30.81	29.94
6/19/2023 3:05:39 PM	0.00	0.00	0.00	0.00	0.00	0.00	0.00	0.00	0.00	100.00	-0.03	25.27	0	0	0	0	0	0	0	0	0	252.12	-0.18	0.08	2.74	0.95	1.74	0.05	0.98	30.83	30.00
6/19/2023 3:05:42 PM	0.00	0.00	0.00	0.00	0.00	0.00	0.00	0.00	0.00	100.00	-0.03	25.27	0	0	0	0	0	0	0	0	0	252.22	-0.11	0.24	2.76	0.82	1.77	0.02	0.98	30.81	29.97
6/19/2023 3:05:45 PM	0.00	0.00	0.00	0.00	0.00	0.00	0.00	0.00	0.00	100.00	-0.03	25.27	0	0	0	0	0	0	0	0	0	252.07	-0.07	0.13	2.77	0.82	1.86	0.13	0.98	30.81	29.99
6/19/2023 3:05:48 PM	0.00	0.00	0.00	0.00	0.00	0.00	0.00	0.00	0.00	100.00	-0.03	25.28	0	0	0	0	0	0	0	0	0	251.62	-0.08	0.13	2.70	0.88	1.65	-0.06	0.98	30.81	29.99
6/19/2023 3:05:51 PM	0.00	0.00	0.00	0.00	0.00	0.00	0.00	0.00	0.00	100.00	-0.03	25.27	0	0	0	0	0	0	0	0	0	251.90	-0.04	0.11	2.67	0.89	1.78	0.05	0.98	30.81	29.95
6/19/2023 3:09:44 PM	2.18	0.00	6.32	0.00	0.00	0.00	0.00	0.65	8.50	100.00	-0.04	25.31	1157	0	2842	0	0	0	0	0	3999	252.30	10.62	1.39	7.35	21.70	6.30	24.21	0.98	31.27	30.04
6/19/2023 3:09:47 PM	2.22	0.00	6.31	0.00	0.00	0.00	0.00	0.64	8.54	100.00	-0.04	25.32	1178	0	2842	0	0	0	0	0	4019	251.73	10.61	1.54	7.32	21.67	6.38	24.22	0.98	31.27	30.08
6/19/2023 3:09:50 PM	2.06	0.00	6.40	0.00	0.00	0.00	0.00	0.65	8.47	100.00	-0.04	25.32	1093	0	2882	0	0	0	0	0	3975	251.63	10.72	1.44	7.35	21.74	6.45	24.20	0.98	31.27	30.05
6/19/2023 3:09:53 PM	2.38	0.00	6.26	0.00	0.00	0.00	0.00	0.63	8.65	100.00	-0.04	25.33	1264	0	2819	0	0	0	0	0	4083	251.72	10.61	1.36	7.56	21.73	6.42	24.28	0.98	31.28	30.07
6/19/2023 3:09:56 PM	2.16	0.00	6.36	0.00	0.00	0.00	0.00	0.66	8.52	100.00	-0.03	25.34	1143	0	2862	0	0	0	0	0	4005	251.66	10.69	1.47	7.40	21.88	6.43	24.28	0.98	31.28	30.10
6/19/2023 3:09:59 PM	2.34	0.00	6.28	0.00	0.00	0.00	0.00	0.63	8.61	100.00	-0.04	25.34	1239	0	2825	0	0	0	0	0	4064	251.52	10.58	1.37	7.33	21.60	6.35	24.29	0.98	31.34	30.12
6/19/2023 3:10:02 PM	2.07	0.00	6.43	0.00	0.00	0.00	0.00	0.63	8.51	100.00	-0.04	25.31	1099	0	2896	0	0	0	0	0	3995	251.20	10.74	1.51	7.42	21.66	6.41	24.24	0.98	31.29	30.05
6/19/2023 3:10:05 PM	2.31	0.00	6.32	0.00	0.00	0.00	0.00	0.61	8.62	100.00	-0.03	25.33	1224	0	2842	0	0	0	0	0	4066	250.94	10.60	1.42	7.38	21.43	6.40	24.24	0.98	31.30	30.12
6/19/2023 3:10:08 PM	2.22	0.00	6.41	0.00	0.00	0.00	0.00	0.60	8.62	100.00	-0.03	25.34	1174	0	2883	0	0	0	0	0	4058	250.94	10.71	1.34	7.46	21.40	6.44	24.26	0.98	31.34	30.13
6/19/2023 3:10:11 PM	2.20	0.00	6.34	0.00	0.00	0.00	0.00	0.63	8.53	100.00	-0.04	25.33	1165	0	2851	0	0	0	0	0	4016	250.32	10.64	1.32	7.46	21.56	6.44	24.13	0.98	31.33	30.10
6/19/2023 3:16:20 PM	3.71	0.00	5.10	0.00	0.00	0.00	0.00	0.56	8.81	100.00	-0.04	25.42	1967	0	2296	0	0	0	0	0	4263	251.32	9.27	1.20	8.22	20.51	6.63	22.67	0.98	32.07	30.20
6/19/2023 3:16:23 PM	3.87	0.00	5.04	0.00	0.00	0.00	0.00	0.55	8.91	100.00	-0.05	25.41	2051	0	2269	0	0	0	0	0	4320	251.24	9.21	1.08	8.13	20.43	6.81	22.70	0.98	32.10	30.18
6/19/2023 3:16:26 PM	3.68	0.00	5.14	0.00	0.00	0.00	0.00	0.56	8.82	100.00	-0.05	25.41	1949	0	2315	0	0	0	0	0	4265	251.24	9.35	1.16	8.39	20.62	6.70	22.68	0.98	32.11	30.18
6/19/2023 3:16:29 PM	3.72	0.00	5.14	0.00	0.00	0.00	0.00	0.57	8.87	100.00	-0.05	25.41	1974	0	2314	0	0	0	0	0	4288	251.40	9.35	1.05	8.27	20.67	6.71	22.81	0.98	32.10	30.15
6/19/2023 3:16:32 PM	3.36	0.00	5.29	0.00	0.00	0.00	0.00	0.57	8.66	100.00	-0.05	25.41	1783	0	2381	0	0	0	0	0	4164	251.49	9.46	1.11	8.18	20.53	6.61	22.64	0.98	32.11	30.21
6/19/2023 3:16:35 PM	3.58	0.00	5.25	0.00	0.00	0.00	0.00	0.55	8.83	100.00	-0.05	25.44	1898	0	2360	0	0	0	0	0	4259	251.45	9.42	1.14	8.15	20.45	6.70	22.80	0.98	32.16	30.29
6/19/2023 3:16:38 PM	3.73	0.00	5.20	0.00	0.00	0.00	0.00	0.55	8.93	100.00	-0.05	25.41	1979	0	2340	0	0	0	0	0	4319	251.21	9.40	1.09	8.12	20.61	6.73	22.98	0.98	32.12	30.18
6/19/2023 3:16:41 PM	3.63	0.00	5.24	0.00	0.00	0.00	0.00	0.56	8.88	100.00	-0.05	25.42	1926	0	2359	0	0	0	0	0	4285	251.21	9.43	1.24	8.13	20.61	6.70	22.93	0.98	32.15	30.23
6/19/2023 3:16:44 PM	3.51	0.00	5.31	0.00	0.00	0.00	0.00	0.56	8.82	100.00	-0.06	25.42	1863	0	2389	0	0	0	0	0	4252	251.14	9.50	1.19	8.09	20.60	6.77	22.90	0.98	32.15	30.23
6/19/2023 3:16:47 PM	3.78	0.00	5.19	0.00	0.00	0.00	0.00	0.55	8.97	100.00	-0.06	25.42	2004	0	2337	0	0	0	0	0	4341	251.34	9.38	1.20	7.95	20.64	6.62	23.14	0.98	32.15	30.24
6/19/2023 3:19:33 PM	2.93	0.00	4.55	0.00	0.00	0.00	0.00	0.50	7.48	100.00	-0.05	25.47	1554	0	2046	0	0	0	0	0	3600	253.82	8.11	1.06	7.35	17.96	5.97	19.71	0.98	32.52	30.33
6/19/2023 3:19:36 PM	2.50	0.00	4.74	0.00	0.00	0.00	0.00	0.54	7.25	100.00	-0.06	25.48	1326	0	2135	0	0	0	0	0	3460	253.36	8.33	1.00	7.31	18.17	5.89	19.67	0.98	32.53	30.33
6/19/2023 3:19:39 PM	2.72	0.00	4.69	0.00	0.00	0.00	0.00	0.51	7.41	100.00	-0.05	25.47	1443	0	2111	0	0	0	0	0	3553	253.17	8.28	1.00	7.34	18.04	5.97	19.78	0.98	32.52	30.31
6/19/2023 3:19:42 PM	2.51	0.00	4.86	0.00	0.00	0.00	0.00	0.52	7.37	100.00	-0.05	25.47	1331	0	2185	0	0	0	0	0	3517	253.00	8.48	1.03	7.39	18.21	5.90	19.94	0.98	32.54	30.28
6/19/2023 3:19:45 PM	2.75	0.00	4.73	0.00	0.00	0.00	0.00	0.52	7.48	100.00	-0.06	25.47	1457	0	2127	0	0	0	0	0	3584	253.49	8.35	1.00	7.37	18.19	5.97	19.96	0.98	32.52	30.29
6/19/2023 3:19:48 PM	2.75	0.00	4.78	0.00	0.00	0.00	0.00	0.51	7.53	100.00	-0.06	25.48	1456	0	2153	0	0	0	0	0	3609	253.12	8.41	1.05	7.34	18.19	6.02	20.08	0.98	32.54	30.20
6/19/2023 3:19:51 PM	2.70	0.00	4.73	0.00	0.00	0.00	0.00	0.54	7.43	100.00	-0.05	25.48	1432	0	2129	0	0	0	0	0	3561	252.74	8.36	1.07	7.34	18.37	5.91	20.00	0.98	32.57	30.26
6/19/2023 3:19:54 PM	2.81	0.00	4.74	0.00	0.00	0.00	0.00	0.50	7.55	100.00	-0.06	25.47	1487	0	2133	0	0	0	0	0	3620	252.91	8.35	1.07	7.35	18.12	6.00	20.04	0.98	32.57	30.31
6/19/2023 3:19:57 PM	2.98	0.00	4.71	0.00	0.00	0.00	0.00	0.49	7.69	100.00	-0.06	25.48	1579	0	2121	0	0	0	0	0	3700	253.08	8.35	1.02	7.40	18.10	6.09	20.18	0.98	32.57	30.28
6/19/2023 3:20:00 PM	3.08	0.00	4.61	0.00	0.00	0.00	0.00	0.51	7.68	100.00	-0.06	25.48	1630	0	2073	0	0	0	0	0	3703	253.39	8.25	1.05	7.38	18.26	6.02	20.16	0.98	32.57	30.29
6/19/2023 3:23:02 PM	3.01	0.00	5.41	0.00	0.00	0.00	0.00	0.65	8.42	100.00	-0.02	25.48	1594	0	2436	0	0	0	0	0	4030	257.58	9.61	1.15	7.74	21.16	6.38	22.90	0.98	32.94	30.33
6/19/2023 3:23:05 PM	3.35	0.00	5.28	0.00	0.00	0.00	0.00	0.65	8.63	100.00	-0.03	25.48	1774	0	2376	0	0	0	0	0	4150	257.65	9.53	1.17	7.89	21.39	6.39	23.13	0.98	32.95	30.31
6/19/2023 3:23:08 PM	2.73	0.00	5.60	0.00	0.00	0.00	0.00	0.66	8.33	100.00	-0.03	25.48	1446	0	2521	0	0	0	0	0	3967	257.76	9.84	1.19	7.93	21.36	6.42	22.93	0.98	32.95	30.29
6/19/2023 3:23:11 PM	3.30	0.00	5.28	0.00	0.00	0.00	0.00	0.66	8.58	100.00	-0.03	25.48	1749	0	2377	0	0	0	0	0	4126	257.58	9.54	1.24	8.00	21.50	6.42	23.05	0.98	32.95	30.31
6/19/2023 3:23:14 PM	3.14	0.00	5.39	0.00	0.00	0.00	0.00	0.65	8.54	100.00	-0.03	25.48	1666	0	2427	0	0	0	0	0	4092	257.50	9.65	1.17	8.03	21.39	6.39	23.03	0.98	32.95	30.26
6/19/2023 3:23:17 PM	3.06	0.00	5.36	0.00	0.00	0.00	0.00	0.69	8.42	100.00	-0.02	25.49	1624	0	2412	0	0	0	0	0	4035	257.21	9.62	1.14	7.72	21.66	6.35	23.09	0.98	32.97	30.31
6/19/2023 3:23:20 PM	2.83	0.00	5.44	0.00	0.00	0.00	0.00	0.70	8.27	100.00	-0.03	25.49	1497	0	2448	0	0	0	0	0	3946	256.98	9.67	1.15	7.59	21.60	6.33	22.96	0.98	32.97	30.33
6/19/2023 3:23:23 PM	3.16	0.00	5.32	0.00	0.00	0.00	0.00	0.67	8.48	100.00	-0.02	25.47	1674	0	2396	0	0	0	0	0	4070	257.18	9.54	1.16	7.55	21.47	6.34	23.13	0.98	32.98	30.29
6/19/2023 3:23:26 PM	2.85	0.00	5.38	0.00	0.00	0.00	0.00	0.70	8.24	100.00	-0.02	25.47	1511	0	2423	0	0	0	0	0	3934	256.87	9.58	1.17	7.53	21.46	6.25	22.85	0.98	32.96	30.28
6/19/2023 3:23:28 PM	3.13	0.00	5.27	0.00	0.00	0.00	0.00	0.70	8.40	100.00	-0.02	25.48	1660	0	2372	0	0	0	0	0	4032	257.05	9.50	1.12	7.55	21.65	6.21	23.09	0.98	32.97	30.31
6/19/2023 3:25:53 PM	3.38	0.00	5.55	0.00	0.00	0.00	0.00	0.61	8.93	100.00	-0.03	25.54	1793	0	2496	0	0	0	0	0	4289	251.50	9.85	1.30	7.78	21.39	6.92	23.66	0.98	33.23	30.31
6/19/2023 3:25:56 PM	3.47	0.00	5.61	0.00	0.00	0.00	0.00	0.58	9.08	100.00	-0.02	25.54	1838	0	2525	0	0	0	0	0	4364	251.30	9.94	1.21	7.89	21.33	7.05	23.83	0.98	33.27	30.34
6/19/2023 3:25:59 PM	3.42	0.00	5.63	0.00	0.00	0.00	0.00	0.60	9.05	100.00	-0.02	25.54	1812	0	2535	0	0	0	0	0	4347	251.48	9.98	1.26	7.99	21.49	6.95	23.87	0.98	33.24	30.33
6/19/2023 3:26:02 PM	3.46	0.00	5.58	0.00	0.00	0.00	0.00	0.63	9.05	100.00	-0.02	25.52	1836	0	2512	0	0	0	0	0	4348	251.60	9.97	1.28	7.96	21.83	7.01	23.94	0.98	33.25	30.34
6/19/2023 3:26:05 PM	3.65	0.00	5.57	0.00	0.00	0.00	0.00	0.61	9.21	100.00	-0.02	25.52	1932	0	2505	0	0	0	0	0	4438	251.71	9.97	1.14	7.95	21.73	7.00	24.15	0.98	33.27	30.36
6/19/2023 3:26:08 PM	3.85	0.00	5.47	0.00	0.00	0.00	0.00	0.59	9.32	100.00	-0.03	25.53	2039	0	2462	0	0	0	0	0	4501	250.95	9.86	1.08	7.82	21.60	7.25	24.13	0.98	33.26	30.36
6/19/2023 3:26:11 PM	3.66	0.00	5.44	0.00	0.00	0.00	0.00	0.62	9.11	100.00	-0.02	25.53	1942	0	2449	0	0	0	0	0	4391	251.30	9.80	1.23	7.67	21.76	7.24	23.90	0.98	33.30	30.37
6/19/2023 3:26:14 PM	3.44	0.00	5.52	0.00	0.00	0.00	0.00	0.62	8.96	100.00	-0.02	25.52	1821	0	2486	0	0	0	0	0	4308	250.74	9.85	1.18	7.51	21.59	7.21	23.77	0.98	33.27	30.37
6/19/2023 3:26:17 PM	3.23	0.00	5.64	0.00	0.00	0.00	0.00	0.61	8.88	100.00	-0.02	25.53	1713	0	2540	0	0	0	0	0	4253	251.10	9.94	1.28	7.53	21.40	7.30	23.62	0.98	33.28	30.34
6/19/2023 3:26:20 PM	2.97	0.00	5.62	0.00	0.00	0.00	0.00	0.65	8.60	100.00	-0.02	25.53	1576	0	2530	0	0	0	0	0	4106	250.51	9.91	1.19	7.62	21.56	6.85	23.39	0.98	33.26	30.36
6/19/2023 3:28:10 PM	2.46	0.00	4.42	0.00	0.00	0.00	0.00	0.67	6.88	100.00	-0.02	25.54	1305	0	1990	0	0	0	0	0	3294	252.53	8.01	0.88	6.78	18.97	5.59	19.50	0.98	33.44	30.39
6/19/2023 3:28:13 PM	2.37	0.00	4.49	0.00	0.00	0.00	0.00	0.67	6.86	100.00	-0.02	25.57	1258	0	2019	0	0	0	0	0	3277	252.14	8.09	0.84	6.55	19.07	5.84	19.56	0.98	33.44	30.36
6/19/2023 3:28:16 PM	1.92	0.00	4.67	0.00	0.00	0.00	0.00	0.70	6.60	100.00	-0.03	25.56	1020	0	2102	0	0	0	0	0	3122	252.00	8.25	1.11	6.62	19.16	5.70	19.38	0.98	33.44	30.36
6/19/2023 3:28:19 PM	2.17	0.00	4.60	0.00	0.00	0.00	0.00	0.68	6.77	100.00	-0.02	25.56	1150	0	2071	0	0	0	0	0	3220	252.40	8.20	0.95	6.69	19.10	5.79	19.50	0.98	33.44	30.44
6/19/2023 3:28:22 PM	2.28	0.00	4.52	0.00	0.00	0.00	0.00	0.68	6.80	100.00	-0.02	25.54	1209	0	2034	0	0	0	0	0	3243	252.67	8.10	1.03	6.60	19.07	5.79	19.49	0.98	33.43	30.41
6/19/2023 3:28:25 PM	2.23	0.00	4.56	0.00	0.00	0.00	0.00	0.68	6.79	100.00	-0.02	25.59	1180	0	2051	0	0	0	0	0	3232	252.62	8.16	0.86	6.65	19.08	5.73	19.52	0.98	33.46	30.42
6/19/2023 3:28:28 PM	2.23	0.00	4.65	0.00	0.00	0.00	0.00	0.67	6.88	100.00	-0.02	25.56	1182	0	2090	0	0	0	0	0	3273	251.96	8.28	0.98	6.87	19.13	5.85	19.61	0.98	33.45	30.41
6/19/2023 3:28:31 PM	2.20	0.00	4.61	0.00	0.00	0.00	0.00	0.67	6.81	100.00	-0.02	25.57	1165	0	2076	0	0	0	0	0	3241	252.26	8.23	0.91	6.80	19.07	5.76	19.53	0.98	33.44	30.37
6/19/2023 3:28:34 PM	2.25	0.00	4.58	0.00	0.00	0.00	0.00	0.68	6.83	100.00	-0.02	25.58	1193	0	2062	0	0	0	0	0	3255	251.98	8.19	1.09	6.83	19.13	5.65	19.58	0.98	33.44	30.36
6/19/2023 3:28:37 PM	2.27	0.00	4.60	0.00	0.00	0.00	0.00	0.68	6.87	100.00	-0.02	25.58	1204	0	2071	0	0	0	0	0	3275	252.37	8.25	0.96	6.90	19.26	5.86	19.61	0.98	33.45	30.37
6/19/2023 3:36:50 PM	2.83	0.00	3.83	0.00	0.00	0.00	0.00	0.67	6.66	100.00	-0.05	25.74	1501	0	1723	0	0	0	0	0	3224	252.68	7.26	0.88	6.66	18.39	5.79	18.37	0.98	33.77	30.45
6/19/2023 3:36:53 PM	3.13	0.00	3.82	0.00	0.00	0.00	0.00	0.66	6.95	100.00	-0.05	25.76	1659	0	1717	0	0	0	0	0	3376	253.12	7.33	1.02	6.96	18.68	5.84	18.76	0.98	33.81	30.57
6/19/2023 3:36:56 PM	2.77	0.00	4.03	0.00	0.00	0.00	0.00	0.64	6.80	100.00	-0.05	25.74	1469	0	1812	0	0	0	0	0	3282	252.88	7.50	1.06	6.82	18.45	5.83	18.70	0.98	33.79	30.47
6/19/2023 3:36:59 PM	3.14	0.00	3.89	0.00	0.00	0.00	0.00	0.63	7.04	100.00	-0.04	25.74	1666	0	1751	0	0	0	0	0	3417	252.92	7.39	1.02	6.82	18.51	5.88	18.94	0.98	33.79	30.50
6/19/2023 3:37:02 PM	3.09	0.00	3.82	0.00	0.00	0.00	0.00	0.65	6.91	100.00	-0.05	25.75	1637	0	1719	0	0	0	0	0	3356	252.50	7.29	1.03	6.85	18.46	5.69	18.72	0.98	33.78	30.45
6/19/2023 3:37:05 PM	2.91	0.00	3.92	0.00	0.00	0.00	0.00	0.63	6.82	100.00	-0.05	25.74	1540	0	1762	0	0	0	0	0	3303	252.47	7.37	0.87	6.91	18.24	5.70	18.57	0.98	33.76	30.47
6/19/2023 3:37:08 PM	3.12	0.00	3.78	0.00	0.00	0.00	0.00	0.62	6.90	100.00	-0.04	25.76	1654	0	1699	0	0	0	0	0	3354	252.55	7.19	0.96	6.68	18.13	5.84	18.54	0.98	33.80	30.50
6/19/2023 3:37:11 PM	2.82	0.00	3.89	0.00	0.00	0.00	0.00	0.62	6.71	100.00	-0.04	25.75	1497	0	1750	0	0	0	0	0	3247	252.43	7.29	0.94	6.84	18.03	5.74	18.30	0.98	33.77	30.50
6/19/2023 3:37:14 PM	2.95	0.00	3.81	0.00	0.00	0.00	0.00	0.64	6.76	100.00	-0.04	25.75	1565	0	1715	0	0	0	0	0	3279	252.59	7.24	0.97	7.02	18.18	5.78	18.28	0.98	33.77	30.45
6/19/2023 3:37:17 PM	2.93	0.00	3.89	0.00	0.00	0.00	0.00	0.61	6.82	100.00	-0.04	25.75	1552	0	1751	0	0	0	0	0	3303	252.45	7.31	0.95	6.91	18.04	5.74	18.44	0.98	33.76	30.44
6/19/2023 3:39:18 PM	0.35	0.00	4.64	0.00	0.00	0.00	0.00	0.67	4.99	100.00	-0.05	25.76	187	0	2088	0	0	0	0	0	2275	252.17	7.74	0.83	6.24	16.97	5.42	16.32	0.98	33.81	30.47
6/19/2023 3:39:21 PM	0.00	0.00	4.81	0.00	0.00	0.00	0.00	0.68	4.81	100.00	-0.04	25.78	0	0	2163	0	0	0	0	0	2163	251.74	7.88	0.95	6.02	17.01	5.36	16.30	0.98	33.81	30.50
6/19/2023 3:39:24 PM	0.13	0.00	4.81	0.00	0.00	0.00	0.00	0.67	4.94	100.00	-0.05	25.78	69	0	2166	0	0	0	0	0	2235	252.29	7.91	0.96	6.14	17.00	5.20	16.52	0.98	33.81	30.55
6/19/2023 3:39:27 PM	0.10	0.00	4.88	0.00	0.00	0.00	0.00	0.67	4.98	100.00	-0.04	25.78	51	0	2197	0	0	0	0	0	2248	252.44	8.00	0.97	6.13	17.08	5.39	16.61	0.98	33.80	30.49
6/19/2023 3:39:30 PM	0.00	0.00	4.89	0.00	0.00	0.00	0.00	0.68	4.89	100.00	-0.04	25.78	0	0	2200	0	0	0	0	0	2200	252.18	8.02	0.96	6.10	17.15	5.37	16.52	0.98	33.80	30.47
6/19/2023 3:39:33 PM	0.00	0.00	4.94	0.00	0.00	0.00	0.00	0.66	4.94	100.00	-0.04	25.81	0	0	2222	0	0	0	0	0	2222	252.75	8.05	0.93	6.10	16.95	5.47	16.52	0.98	33.83	30.50
6/19/2023 3:39:36 PM	0.11	0.00	4.94	0.00	0.00	0.00	0.00	0.64	5.05	100.00	-0.04	25.79	57	0	2225	0	0	0	0	0	2282	252.47	8.06	0.91	6.07	16.95	5.49	16.70	0.98	33.80	30.52
6/19/2023 3:39:39 PM	0.00	0.00	4.98	0.00	0.00	0.00	0.00	0.65	4.98	100.00	-0.04	25.81	0	0	2243	0	0	0	0	0	2243	252.47	8.24	0.82	6.06	16.98	5.26	16.65	0.98	33.80	30.49
6/19/2023 3:39:42 PM	0.00	0.00	4.99	0.00	0.00	0.00	0.00	0.65	4.99	100.00	-0.04	25.80	0	0	2245	0	0	0	0	0	2245	251.86	8.13	0.94	6.12	16.97	5.34	16.68	0.98	33.80	30.50
6/19/2023 3:39:45 PM	0.00	0.00	5.09	0.00	0.00	0.00	0.00	0.62	5.09	100.00	-0.05	25.82	0	0	2291	0	0	0	0	0	2291	252.14	8.31	0.92	6.21	16.85	5.40	16.76	0.98	33.80	30.49
6/19/2023 3:41:23 PM	3.67	0.00	5.27	0.00	0.00	0.00	0.00	0.64	8.93	100.00	-0.04	25.82	1943	0	2370	0	0	0	0	0	4313	249.24	9.58	1.31	7.94	21.67	6.75	23.53	0.98	33.81	30.50
6/19/2023 3:41:26 PM	3.57	0.00	5.36	0.00	0.00	0.00	0.00	0.65	8.93	100.00	-0.04	25.84	1891	0	2411	0	0	0	0	0	4302	248.86	9.72	1.13	8.01	21.78	6.85	23.59	0.98	33.84	30.53
6/19/2023 3:41:29 PM	3.49	0.00	5.35	0.00	0.00	0.00	0.00	0.67	8.84	100.00	-0.04	25.83	1851	0	2408	0	0	0	0	0	4259	249.00	9.74	1.29	8.29	22.01	6.87	23.43	0.98	33.80	30.47
6/19/2023 3:41:32 PM	3.48	0.00	5.29	0.00	0.00	0.00	0.00	0.68	8.77	100.00	-0.04	25.81	1844	0	2382	0	0	0	0	0	4226	248.74	9.65	1.35	8.12	22.00	6.86	23.34	0.98	33.80	30.47
6/19/2023 3:41:35 PM	3.72	0.00	5.21	0.00	0.00	0.00	0.00	0.66	8.93	100.00	-0.04	25.82	1970	0	2345	0	0	0	0	0	4314	248.88	9.57	1.26	8.17	21.84	6.84	23.42	0.98	33.82	30.53
6/19/2023 3:41:38 PM	3.39	0.00	5.42	0.00	0.00	0.00	0.00	0.67	8.81	100.00	-0.03	25.82	1799	0	2439	0	0	0	0	0	4237	248.91	9.78	1.24	8.01	21.90	6.80	23.54	0.98	33.81	30.49
6/19/2023 3:41:41 PM	3.75	0.00	5.19	0.00	0.00	0.00	0.00	0.70	8.94	100.00	-0.04	25.86	1985	0	2336	0	0	0	0	0	4321	248.86	9.58	1.32	8.02	22.24	6.86	23.63	0.98	33.86	30.57
6/19/2023 3:41:44 PM	3.45	0.00	5.32	0.00	0.00	0.00	0.00	0.70	8.77	100.00	-0.04	25.82	1830	0	2393	0	0	0	0	0	4224	248.86	9.70	1.36	8.07	22.19	6.87	23.45	0.98	33.82	30.52
6/19/2023 3:41:47 PM	3.71	0.00	5.26	0.00	0.00	0.00	0.00	0.69	8.97	100.00	-0.04	25.83	1969	0	2366	0	0	0	0	0	4335	248.75	9.67	1.32	8.14	22.20	6.89	23.67	0.98	33.81	30.52
6/19/2023 3:41:50 PM	3.37	0.00	5.43	0.00	0.00	0.00	0.00	0.70	8.81	100.00	-0.04	25.84	1788	0	2445	0	0	0	0	0	4233	248.95	9.85	1.35	8.07	22.31	6.97	23.62	0.98	33.83	30.52
6/19/2023 3:47:20 PM	3.24	0.00	5.02	0.00	0.00	0.00	0.00	0.71	8.25	100.00	-0.04	25.89	1715	0	2257	0	0	0	0	0	3973	250.56	9.21	1.07	7.62	21.49	6.58	22.42	0.98	33.76	30.53
6/19/2023 3:47:23 PM	3.24	0.00	5.14	0.00	0.00	0.00	0.00	0.71	8.38	100.00	-0.04	25.95	1716	0	2313	0	0	0	0	0	4029	250.60	9.38	1.20	7.61	21.74	6.71	22.77	0.98	33.81	30.62
6/19/2023 3:47:26 PM	3.13	0.00	5.22	0.00	0.00	0.00	0.00	0.71	8.34	100.00	-0.04	25.92	1656	0	2349	0	0	0	0	0	4005	250.12	9.46	1.25	7.71	21.71	6.54	22.79	0.98	33.77	30.53
6/19/2023 3:47:29 PM	3.31	0.00	5.15	0.00	0.00	0.00	0.00	0.72	8.46	100.00	-0.04	25.92	1753	0	2317	0	0	0	0	0	4070	250.10	9.43	1.06	7.73	21.88	6.41	23.02	0.98	33.76	30.55
6/19/2023 3:47:32 PM	3.16	0.00	5.26	0.00	0.00	0.00	0.00	0.71	8.42	100.00	-0.04	25.92	1677	0	2365	0	0	0	0	0	4042	250.69	9.54	1.08	7.80	21.81	6.53	22.96	0.98	33.76	30.55
6/19/2023 3:47:35 PM	3.26	0.00	5.26	0.00	0.00	0.00	0.00	0.69	8.52	100.00	-0.03	25.93	1725	0	2369	0	0	0	0	0	4094	249.80	9.52	1.17	7.70	21.68	6.45	23.12	0.98	33.77	30.58
6/19/2023 3:47:38 PM	3.01	0.00	5.30	0.00	0.00	0.00	0.00	0.72	8.31	100.00	-0.04	25.95	1595	0	2386	0	0	0	0	0	3981	250.49	9.56	1.25	7.70	21.81	6.63	22.83	0.98	33.81	30.63
6/19/2023 3:47:41 PM	2.71	0.00	5.44	0.00	0.00	0.00	0.00	0.69	8.15	100.00	-0.04	25.94	1435	0	2448	0	0	0	0	0	3883	250.48	9.63	1.14	7.55	21.41	6.49	22.66	0.98	33.77	30.55
6/19/2023 3:47:44 PM	2.84	0.00	5.38	0.00	0.00	0.00	0.00	0.70	8.22	100.00	-0.03	25.92	1505	0	2419	0	0	0	0	0	3924	250.41	9.57	1.20	7.50	21.51	6.38	22.80	0.98	33.77	30.57
6/19/2023 3:47:47 PM	3.17	0.00	5.26	0.00	0.00	0.00	0.00	0.69	8.43	100.00	-0.03	25.94	1680	0	2366	0	0	0	0	0	4045	250.15	9.47	1.12	7.46	21.49	6.39	23.02	0.98	33.77	30.57
6/19/2023 3:54:44 PM	0.00	0.00	0.00	0.00	0.00	0.00	0.00	0.01	0.00	100.00	-0.04	26.04	0	0	0	0	0	0	0	0	0	257.52	-0.14	-0.14	2.90	0.94	2.01	0.13	0.98	33.66	30.58
6/19/2023 3:54:47 PM	0.00	0.00	0.00	0.00	0.00	0.00	0.00	0.01	0.00	100.00	-0.04	26.04	0	0	0	0	0	0	0	0	0	257.24	-0.10	-0.12	2.91	1.05	1.90	0.10	0.98	33.65	30.57
6/19/2023 3:54:50 PM	0.00	0.00	0.00	0.00	0.00	0.00	0.00	0.00	0.00	100.00	-0.03	26.06	0	0	0	0	0	0	0	0	0	257.29	-0.19	-0.11	2.88	0.91	1.95	0.09	0.98	33.66	30.57
6/19/2023 3:54:53 PM	0.00	0.00	0.00	0.00	0.00	0.00	0.00	0.00	0.00	100.00	-0.03	26.05	0	0	0	0	0	0	0	0	0	257.74	-0.18	-0.05	2.94	0.91	1.93	0.15	0.98	33.66	30.60
6/19/2023 3:54:56 PM	0.00	0.00	0.00	0.00	0.00	0.00	0.00	0.00	0.00	100.00	-0.04	26.05	0	0	0	0	0	0	0	0	0	257.50	-0.09	-0.12	2.83	0.89	1.91	0.09	0.98	33.65	30.60
6/19/2023 3:54:59 PM	0.00	0.00	0.00	0.00	0.00	0.00	0.00	0.00	0.00	100.00	-0.04	26.07	0	0	0	0	0	0	0	0	0	258.03	-0.15	-0.14	2.97	0.81	1.87	0.20	0.98	33.66	30.63
6/19/2023 3:55:02 PM	0.00	0.00	0.00	0.00	0.00	0.00	0.00	0.00	0.00	100.00	-0.03	26.06	0	0	0	0	0	0	0	0	0	257.41	-0.21	-0.12	2.85	0.86	1.85	0.15	0.98	33.66	30.60
6/19/2023 3:55:05 PM	0.00	0.00	0.00	0.00	0.00	0.00	0.00	0.00	0.00	100.00	-0.04	26.07	0	0	0	0	0	0	0	0	0	257.46	-0.15	-0.10	2.87	0.80	1.93	0.06	0.98	33.65	30.62
6/19/2023 3:55:08 PM	0.00	0.00	0.00	0.00	0.00	0.00	0.00	0.01	0.00	100.00	-0.04	26.06	0	0	0	0	0	0	0	0	0	257.39	-0.12	-0.17	2.88	0.99	1.92	0.08	0.98	33.65	30.58
6/19/2023 3:55:11 PM	0.00	0.00	0.00	0.00	0.00	0.00	0.00	0.00	0.00	100.00	-0.04	26.07	0	0	0	0	0	0	0	0	0	257.14	-0.18	0.10	2.78	0.95	2.05	0.05	0.98	33.64	30.62
6/19/2023 3:59:40 PM	2.17	0.00	5.47	0.00	0.00	0.00	0.00	0.60	7.64	100.00	-0.03	26.09	1149	0	2461	0	0	0	0	0	3610	252.13	9.36	1.12	7.23	19.71	6.21	21.44	0.98	33.55	30.63
6/19/2023 3:59:43 PM	2.01	0.00	5.61	0.00	0.00	0.00	0.00	0.60	7.63	100.00	-0.03	26.12	1067	0	2526	0	0	0	0	0	3593	252.14	9.52	1.17	7.31	19.77	6.09	21.59	0.98	33.56	30.60
6/19/2023 3:59:46 PM	2.15	0.00	5.58	0.00	0.00	0.00	0.00	0.59	7.74	100.00	-0.04	26.10	1142	0	2512	0	0	0	0	0	3654	252.20	9.51	1.17	7.35	19.84	6.12	21.74	0.98	33.55	30.62
6/19/2023 3:59:49 PM	2.05	0.00	5.61	0.00	0.00	0.00	0.00	0.61	7.65	100.00	-0.04	26.10	1085	0	2523	0	0	0	0	0	3608	252.03	9.54	1.11	7.36	19.92	6.05	21.69	0.98	33.54	30.65
6/19/2023 3:59:52 PM	1.99	0.00	5.71	0.00	0.00	0.00	0.00	0.59	7.70	100.00	-0.04	26.09	1054	0	2568	0	0	0	0	0	3622	251.89	9.65	0.98	7.41	19.78	6.05	21.77	0.98	33.54	30.62
6/19/2023 3:59:55 PM	2.14	0.00	5.61	0.00	0.00	0.00	0.00	0.59	7.75	100.00	-0.04	26.09	1133	0	2524	0	0	0	0	0	3657	251.72	9.55	1.00	7.38	19.81	6.07	21.77	0.98	33.55	30.62
6/19/2023 3:59:58 PM	2.03	0.00	5.73	0.00	0.00	0.00	0.00	0.58	7.76	100.00	-0.04	26.12	1073	0	2580	0	0	0	0	0	3654	251.94	9.70	1.06	7.50	19.82	6.11	21.85	0.98	33.56	30.66
6/19/2023 4:00:01 PM	2.21	0.00	5.60	0.00	0.00	0.00	0.00	0.59	7.81	100.00	-0.04	26.10	1170	0	2518	0	0	0	0	0	3689	251.84	9.53	1.12	7.38	19.82	5.95	21.89	0.98	33.54	30.60
6/19/2023 4:00:04 PM	2.46	0.00	5.49	0.00	0.00	0.00	0.00	0.58	7.95	100.00	-0.03	26.11	1302	0	2471	0	0	0	0	0	3773	251.57	9.44	1.12	7.30	19.91	6.13	22.01	0.98	33.52	30.60
6/19/2023 4:00:07 PM	2.11	0.00	5.67	0.00	0.00	0.00	0.00	0.58	7.78	100.00	-0.03	26.12	1120	0	2552	0	0	0	0	0	3672	251.66	9.60	1.08	7.28	19.74	6.08	21.89	0.98	33.51	30.60
6/19/2023 4:03:58 PM	3.85	0.26	5.54	0.00	0.00	0.00	0.00	0.63	9.65	100.00	-0.02	26.16	2042	260	2493	0	0	0	0	0	4795	249.24	10.23	1.56	9.74	22.49	7.99	24.02	0.98	33.40	30.63
6/19/2023 4:04:01 PM	4.11	0.29	5.43	0.00	0.00	0.00	0.00	0.64	9.83	100.00	-0.03	26.16	2181	286	2444	0	0	0	0	0	4911	249.51	10.17	1.41	9.70	22.70	8.29	24.19	0.98	33.45	30.65
6/19/2023 4:04:04 PM	3.72	0.27	5.57	0.00	0.00	0.00	0.00	0.67	9.56	100.00	-0.03	26.15	1969	273	2506	0	0	0	0	0	4748	249.47	10.28	1.66	9.76	22.80	7.95	24.03	0.98	33.40	30.60
6/19/2023 4:04:07 PM	3.69	0.24	5.61	0.00	0.00	0.00	0.00	0.66	9.53	100.00	-0.02	26.16	1953	241	2524	0	0	0	0	0	4718	249.51	10.31	1.50	9.52	22.71	8.14	24.03	0.98	33.42	30.63
6/19/2023 4:04:10 PM	4.20	0.24	5.37	0.00	0.00	0.00	0.00	0.63	9.80	100.00	-0.02	26.16	2224	238	2415	0	0	0	0	0	4877	249.21	10.06	1.52	9.57	22.55	8.18	24.11	0.98	33.42	30.65
6/19/2023 4:04:13 PM	3.95	0.27	5.43	0.00	0.00	0.00	0.00	0.64	9.66	100.00	-0.02	26.16	2095	271	2444	0	0	0	0	0	4810	249.35	10.10	1.63	9.67	22.53	8.07	23.94	0.98	33.42	30.63
6/19/2023 4:04:16 PM	3.92	0.27	5.50	0.00	0.00	0.00	0.00	0.61	9.69	100.00	-0.03	26.17	2078	270	2475	0	0	0	0	0	4823	249.34	10.17	1.44	9.80	22.22	7.97	23.92	0.98	33.44	30.65
6/19/2023 4:04:19 PM	3.94	0.32	5.43	0.00	0.00	0.00	0.00	0.62	9.70	100.00	-0.03	26.16	2089	324	2444	0	0	0	0	0	4857	249.31	10.12	1.48	9.95	22.31	7.97	23.85	0.98	33.42	30.65
6/19/2023 4:04:22 PM	4.27	0.24	5.36	0.00	0.00	0.00	0.00	0.59	9.87	100.00	-0.03	26.16	2264	240	2411	0	0	0	0	0	4916	249.54	10.03	1.36	9.71	22.18	8.08	24.05	0.98	33.40	30.65
6/19/2023 4:04:25 PM	3.90	0.31	5.45	0.00	0.00	0.00	0.00	0.62	9.66	100.00	-0.03	26.16	2066	313	2453	0	0	0	0	0	4832	249.43	10.11	1.47	9.76	22.24	8.14	23.79	0.98	33.41	30.68
6/19/2023 4:05:53 PM	2.18	0.00	5.38	0.00	0.00	0.00	0.00	0.58	7.56	100.00	-0.03	26.17	1157	0	2420	0	0	0	0	0	3577	249.96	9.16	1.22	6.90	19.36	6.02	21.29	0.98	33.36	30.63
6/19/2023 4:05:56 PM	2.28	0.00	5.44	0.00	0.00	0.00	0.00	0.54	7.72	100.00	-0.03	26.16	1208	0	2450	0	0	0	0	0	3658	249.68	9.26	1.12	7.12	19.17	6.03	21.44	0.98	33.38	30.66
6/19/2023 4:05:59 PM	2.10	0.00	5.48	0.00	0.00	0.00	0.00	0.58	7.58	100.00	-0.03	26.17	1113	0	2468	0	0	0	0	0	3581	249.37	9.29	1.15	6.83	19.39	6.11	21.44	0.98	33.36	30.65
6/19/2023 4:06:02 PM	1.88	0.00	5.65	0.00	0.00	0.00	0.00	0.56	7.54	100.00	-0.03	26.18	998	0	2543	0	0	0	0	0	3542	249.65	9.44	1.15	6.85	19.19	6.00	21.46	0.98	33.37	30.65
6/19/2023 4:06:05 PM	2.07	0.00	5.54	0.00	0.00	0.00	0.00	0.55	7.60	100.00	-0.03	26.18	1095	0	2493	0	0	0	0	0	3587	249.46	9.33	1.09	6.90	19.13	5.97	21.43	0.98	33.37	30.63
6/19/2023 4:06:08 PM	1.97	0.00	5.54	0.00	0.00	0.00	0.00	0.58	7.51	100.00	-0.03	26.20	1044	0	2492	0	0	0	0	0	3536	249.35	9.34	1.11	6.94	19.33	5.98	21.35	0.98	33.38	30.65
6/19/2023 4:06:11 PM	1.92	0.00	5.56	0.00	0.00	0.00	0.00	0.57	7.49	100.00	-0.02	26.18	1018	0	2504	0	0	0	0	0	3523	249.37	9.36	1.07	6.93	19.26	5.93	21.34	0.98	33.36	30.63
6/19/2023 4:06:14 PM	1.93	0.00	5.60	0.00	0.00	0.00	0.00	0.57	7.53	100.00	-0.03	26.17	1022	0	2521	0	0	0	0	0	3543	249.51	9.43	1.08	7.06	19.35	6.04	21.38	0.98	33.34	30.65
6/19/2023 4:06:17 PM	2.14	0.00	5.42	0.00	0.00	0.00	0.00	0.57	7.56	100.00	-0.02	26.19	1132	0	2439	0	0	0	0	0	3571	249.26	9.23	1.07	7.17	19.27	6.08	21.17	0.98	33.35	30.62
6/19/2023 4:06:20 PM	1.80	0.00	5.62	0.00	0.00	0.00	0.00	0.56	7.42	100.00	-0.02	26.19	955	0	2529	0	0	0	0	0	3484	249.42	9.41	1.07	7.03	19.14	5.99	21.18	0.98	33.34	30.62
6/19/2023 4:13:40 PM	2.22	0.00	6.19	0.00	0.00	0.00	0.00	0.64	8.41	100.00	-0.03	26.24	1178	0	2785	0	0	0	0	0	3963	258.33	10.46	1.24	7.37	21.46	6.38	23.84	0.98	33.14	30.66
6/19/2023 4:13:43 PM	2.27	0.00	6.17	0.00	0.00	0.00	0.00	0.64	8.45	100.00	-0.02	26.26	1204	0	2779	0	0	0	0	0	3982	257.92	10.45	1.25	7.36	21.50	6.42	23.89	0.98	33.19	30.70
6/19/2023 4:13:46 PM	2.28	0.00	6.26	0.00	0.00	0.00	0.00	0.62	8.54	100.00	-0.02	26.26	1209	0	2815	0	0	0	0	0	4024	258.01	10.53	1.31	7.46	21.38	6.28	24.05	0.98	33.14	30.70
6/19/2023 4:13:49 PM	2.63	0.00	6.09	0.00	0.00	0.00	0.00	0.62	8.72	100.00	-0.02	26.26	1395	0	2741	0	0	0	0	0	4136	257.60	10.39	1.32	7.46	21.55	6.31	24.24	0.98	33.14	30.66
6/19/2023 4:13:52 PM	2.65	0.00	6.07	0.00	0.00	0.00	0.00	0.60	8.72	100.00	-0.02	26.25	1407	0	2732	0	0	0	0	0	4138	257.51	10.36	1.18	7.44	21.36	6.31	24.16	0.98	33.14	30.65
6/19/2023 4:13:55 PM	2.44	0.00	6.13	0.00	0.00	0.00	0.00	0.61	8.58	100.00	-0.02	26.26	1295	0	2760	0	0	0	0	0	4055	257.58	10.40	1.14	7.44	21.28	6.39	23.93	0.98	33.13	30.65
6/19/2023 4:13:58 PM	2.25	0.00	6.23	0.00	0.00	0.00	0.00	0.63	8.48	100.00	-0.02	26.28	1190	0	2805	0	0	0	0	0	3995	257.46	10.51	1.09	7.28	21.44	6.33	24.03	0.98	33.15	30.71
6/19/2023 4:14:01 PM	2.44	0.00	6.10	0.00	0.00	0.00	0.00	0.65	8.55	100.00	-0.02	26.27	1295	0	2747	0	0	0	0	0	4042	257.12	10.39	1.16	7.22	21.61	6.19	24.16	0.98	33.13	30.66
6/19/2023 4:14:04 PM	2.53	0.00	6.08	0.00	0.00	0.00	0.00	0.64	8.61	100.00	-0.02	26.26	1343	0	2734	0	0	0	0	0	4077	257.09	10.39	1.10	7.53	21.58	6.27	24.07	0.98	33.13	30.66
6/19/2023 4:14:07 PM	2.39	0.00	6.20	0.00	0.00	0.00	0.00	0.60	8.59	100.00	-0.02	26.28	1264	0	2792	0	0	0	0	0	4056	256.46	10.48	0.98	7.26	21.26	6.24	24.14	0.98	33.13	30.63
6/19/2023 4:19:19 PM	7.58	0.00	5.44	0.00	0.00	0.00	0.00	0.47	13.02	100.00	-0.03	26.30	4016	0	2449	0	0	0	0	0	6464	249.37	10.73	1.49	9.09	24.57	9.20	29.62	0.98	32.98	30.70
6/19/2023 4:19:22 PM	7.13	0.00	5.56	0.00	0.00	0.00	0.00	0.50	12.69	100.00	-0.03	26.31	3779	0	2501	0	0	0	0	0	6280	249.68	10.81	1.44	9.06	24.60	8.96	29.35	0.98	33.02	30.73
6/19/2023 4:19:25 PM	6.77	0.00	5.64	0.00	0.00	0.00	0.00	0.52	12.40	100.00	-0.02	26.31	3586	0	2537	0	0	0	0	0	6123	249.63	10.85	1.48	8.99	24.51	8.80	29.04	0.98	32.98	30.68
6/19/2023 4:19:28 PM	7.05	0.00	5.51	0.00	0.00	0.00	0.00	0.51	12.56	100.00	-0.02	26.30	3736	0	2482	0	0	0	0	0	6218	249.50	10.74	1.63	9.18	24.59	8.74	29.15	0.98	32.98	30.66
6/19/2023 4:19:31 PM	6.89	0.00	5.47	0.00	0.00	0.00	0.00	0.51	12.37	100.00	-0.02	26.31	3654	0	2463	0	0	0	0	0	6117	249.28	10.63	1.43	8.88	24.27	8.69	28.83	0.98	32.98	30.73
6/19/2023 4:19:34 PM	6.88	0.00	5.56	0.00	0.00	0.00	0.00	0.50	12.44	100.00	-0.02	26.30	3646	0	2504	0	0	0	0	0	6150	249.22	10.73	1.54	8.92	24.29	8.82	28.96	0.98	32.98	30.66
6/19/2023 4:19:37 PM	6.93	0.00	5.48	0.00	0.00	0.00	0.00	0.50	12.41	100.00	-0.02	26.31	3672	0	2467	0	0	0	0	0	6139	249.10	10.62	1.51	8.75	24.24	8.76	28.91	0.98	32.98	30.70
6/19/2023 4:19:40 PM	7.06	0.00	5.51	0.00	0.00	0.00	0.00	0.48	12.58	100.00	-0.02	26.31	3743	0	2481	0	0	0	0	0	6224	249.56	10.68	1.53	8.87	24.25	8.81	29.12	0.98	32.98	30.73
6/19/2023 4:19:43 PM	7.13	0.00	5.45	0.00	0.00	0.00	0.00	0.49	12.58	100.00	-0.02	26.30	3779	0	2451	0	0	0	0	0	6230	249.59	10.61	1.54	8.66	24.32	8.85	29.16	0.98	32.97	30.68
6/19/2023 4:19:46 PM	7.57	0.00	5.29	0.00	0.00	0.00	0.00	0.48	12.87	100.00	-0.02	26.31	4013	0	2383	0	0	0	0	0	6396	249.41	10.51	1.50	8.87	24.42	8.96	29.38	0.98	32.96	30.68
6/19/2023 4:22:12 PM	2.15	0.00	4.64	0.00	0.00	0.00	0.00	0.66	6.79	100.00	-0.02	26.31	1139	0	2089	0	0	0	0	0	3228	250.09	8.27	0.90	6.99	19.00	6.05	19.32	0.98	32.92	30.70
6/19/2023 4:22:15 PM	1.99	0.00	4.73	0.00	0.00	0.00	0.00	0.69	6.73	100.00	-0.03	26.31	1057	0	2130	0	0	0	0	0	3187	250.35	8.39	1.06	6.96	19.30	6.16	19.39	0.98	32.89	30.70
6/19/2023 4:22:18 PM	2.46	0.00	4.58	0.00	0.00	0.00	0.00	0.65	7.04	100.00	-0.02	26.30	1305	0	2060	0	0	0	0	0	3365	250.18	8.29	0.98	7.71	19.14	6.02	19.42	0.98	32.90	30.70
6/19/2023 4:22:21 PM	2.42	0.00	4.67	0.00	0.00	0.00	0.00	0.66	7.09	100.00	-0.02	26.31	1283	0	2100	0	0	0	0	0	3383	249.93	8.43	0.91	7.73	19.36	6.01	19.67	0.98	32.89	30.70
6/19/2023 4:22:24 PM	2.36	0.00	4.87	0.00	0.00	0.00	0.00	0.65	7.23	100.00	-0.02	26.31	1253	0	2189	0	0	0	0	0	3443	249.96	8.64	1.14	7.41	19.53	6.08	20.20	0.98	32.88	30.66
6/19/2023 4:22:27 PM	2.43	0.00	4.83	0.00	0.00	0.00	0.00	0.65	7.27	100.00	-0.02	26.32	1290	0	2175	0	0	0	0	0	3465	249.96	8.61	0.99	7.29	19.49	6.16	20.24	0.98	32.93	30.70
6/19/2023 4:22:30 PM	2.41	0.00	4.79	0.00	0.00	0.00	0.00	0.68	7.20	100.00	-0.02	26.32	1278	0	2156	0	0	0	0	0	3435	249.82	8.57	1.05	7.08	19.79	5.84	20.42	0.98	32.88	30.66
6/19/2023 4:22:33 PM	2.47	0.00	4.88	0.00	0.00	0.00	0.00	0.68	7.35	100.00	-0.02	26.33	1309	0	2195	0	0	0	0	0	3503	249.84	8.70	1.02	7.06	19.92	6.01	20.72	0.98	32.89	30.66
6/19/2023 4:22:36 PM	2.47	0.00	4.84	0.00	0.00	0.00	0.00	0.69	7.31	100.00	-0.02	26.32	1309	0	2177	0	0	0	0	0	3486	249.76	8.65	1.12	6.93	20.02	5.89	20.75	0.98	32.87	30.70
6/19/2023 4:22:39 PM	2.48	0.00	4.87	0.00	0.00	0.00	0.00	0.70	7.35	100.00	-0.02	26.33	1315	0	2191	0	0	0	0	0	3506	249.85	8.74	0.91	7.08	20.16	6.05	20.80	0.98	32.88	30.65
6/19/2023 4:23:56 PM	2.93	0.00	4.50	0.00	0.00	0.00	0.00	0.55	7.44	100.00	-0.02	26.33	1554	0	2027	0	0	0	0	0	3581	250.28	8.10	1.19	7.17	18.41	5.95	19.86	0.98	32.86	30.70
6/19/2023 4:23:59 PM	2.65	0.00	4.62	0.00	0.00	0.00	0.00	0.59	7.28	100.00	-0.01	26.34	1406	0	2080	0	0	0	0	0	3486	250.19	8.25	1.18	7.16	18.69	6.01	19.83	0.98	32.83	30.68
6/19/2023 4:24:02 PM	2.88	0.00	4.53	0.00	0.00	0.00	0.00	0.58	7.41	100.00	-0.02	26.34	1527	0	2037	0	0	0	0	0	3564	250.33	8.17	1.15	7.21	18.72	5.97	19.95	0.98	32.85	30.70
6/19/2023 4:24:05 PM	2.88	0.00	4.61	0.00	0.00	0.00	0.00	0.54	7.49	100.00	-0.01	26.33	1526	0	2075	0	0	0	0	0	3601	250.26	8.23	1.26	7.33	18.43	6.11	19.92	0.98	32.85	30.66
6/19/2023 4:24:08 PM	2.84	0.00	4.55	0.00	0.00	0.00	0.00	0.57	7.39	100.00	-0.01	26.35	1505	0	2049	0	0	0	0	0	3554	250.22	8.18	1.14	7.30	18.60	5.83	19.91	0.98	32.84	30.68
6/19/2023 4:24:11 PM	2.64	0.00	4.62	0.00	0.00	0.00	0.00	0.58	7.26	100.00	-0.01	26.35	1400	0	2080	0	0	0	0	0	3480	250.19	8.23	1.16	7.11	18.60	6.04	19.78	0.98	32.87	30.78
6/19/2023 4:24:14 PM	2.95	0.00	4.51	0.00	0.00	0.00	0.00	0.56	7.45	100.00	-0.02	26.36	1561	0	2029	0	0	0	0	0	3590	250.11	8.12	1.19	7.13	18.54	6.15	19.89	0.98	32.85	30.74
6/19/2023 4:24:17 PM	2.81	0.00	4.53	0.00	0.00	0.00	0.00	0.58	7.35	100.00	-0.02	26.34	1490	0	2040	0	0	0	0	0	3531	250.28	8.17	1.03	7.23	18.64	6.12	19.78	0.98	32.84	30.73
6/19/2023 4:24:20 PM	2.63	0.00	4.53	0.00	0.00	0.00	0.00	0.61	7.16	100.00	-0.02	26.34	1394	0	2040	0	0	0	0	0	3434	250.52	8.15	1.13	7.07	18.80	6.10	19.63	0.98	32.82	30.70
6/19/2023 4:24:23 PM	2.61	0.00	4.56	0.00	0.00	0.00	0.00	0.61	7.17	100.00	-0.01	26.35	1383	0	2054	0	0	0	0	0	3437	250.36	8.19	1.05	7.08	18.78	6.05	19.69	0.98	32.83	30.68
6/19/2023 4:25:38 PM	6.15	0.00	8.81	0.00	0.00	0.00	0.00	0.36	14.96	100.00	-0.01	26.31	3258	0	3964	0	0	0	0	0	7222	250.47	14.97	1.97	9.68	27.44	8.95	36.52	0.98	32.79	30.71
6/19/2023 4:25:41 PM	6.74	0.00	8.63	0.00	0.00	0.00	0.00	0.34	15.37	100.00	-0.02	26.36	3574	0	3881	0	0	0	0	0	7455	251.20	14.84	1.96	9.77	27.55	9.04	36.95	0.98	32.84	30.73
6/19/2023 4:25:44 PM	6.27	0.00	8.87	0.00	0.00	0.00	0.00	0.35	15.14	100.00	-0.02	26.34	3325	0	3989	0	0	0	0	0	7314	250.46	15.06	1.92	9.63	27.51	9.13	36.83	0.98	32.79	30.66
6/19/2023 4:25:47 PM	6.22	0.00	8.91	0.00	0.00	0.00	0.00	0.35	15.12	100.00	-0.01	26.34	3294	0	4009	0	0	0	0	0	7303	250.93	15.08	2.21	9.60	27.52	8.95	36.90	0.98	32.79	30.70
6/19/2023 4:25:50 PM	6.40	0.00	8.82	0.00	0.00	0.00	0.00	0.35	15.23	100.00	-0.01	26.34	3395	0	3970	0	0	0	0	0	7365	250.85	15.03	1.88	9.56	27.57	9.09	36.99	0.98	32.82	30.70
6/19/2023 4:25:53 PM	6.05	0.00	8.92	0.00	0.00	0.00	0.00	0.37	14.97	100.00	-0.02	26.34	3207	0	4013	0	0	0	0	0	7220	251.05	15.07	2.16	9.41	27.62	8.92	36.81	0.98	32.80	30.70
6/19/2023 4:25:56 PM	6.06	0.00	8.94	0.00	0.00	0.00	0.00	0.35	15.00	100.00	-0.01	26.35	3213	0	4021	0	0	0	0	0	7234	251.22	15.08	2.06	9.41	27.44	8.98	36.78	0.98	32.83	30.78
6/19/2023 4:25:59 PM	6.05	0.00	8.91	0.00	0.00	0.00	0.00	0.36	14.96	100.00	-0.01	26.34	3207	0	4009	0	0	0	0	0	7215	250.62	15.07	2.03	9.53	27.51	9.03	36.67	0.98	32.81	30.70
6/19/2023 4:26:02 PM	6.26	0.00	8.89	0.00	0.00	0.00	0.00	0.37	15.15	100.00	-0.02	26.35	3317	0	4002	0	0	0	0	0	7318	250.32	15.09	1.96	9.32	27.73	8.97	37.14	0.98	32.79	30.74
6/19/2023 4:26:05 PM	6.11	0.00	8.90	0.00	0.00	0.00	0.00	0.37	15.01	100.00	-0.01	26.36	3236	0	4007	0	0	0	0	0	7243	250.54	15.07	1.95	9.38	27.56	8.91	36.87	0.98	32.80	30.71
6/19/2023 4:34:45 PM	5.69	0.00	8.91	0.00	0.00	0.00	0.00	0.36	14.61	100.00	-0.01	26.38	3017	0	4010	0	0	0	0	0	7028	249.64	14.92	1.80	8.68	27.01	8.57	36.45	0.98	32.53	30.73
6/19/2023 4:34:48 PM	5.62	0.00	9.04	0.00	0.00	0.00	0.00	0.37	14.66	100.00	-0.01	26.40	2980	0	4066	0	0	0	0	0	7047	249.67	15.07	1.84	8.68	27.18	8.52	36.72	0.98	32.57	30.76
6/19/2023 4:34:51 PM	5.52	0.00	9.17	0.00	0.00	0.00	0.00	0.37	14.69	100.00	-0.01	26.38	2927	0	4124	0	0	0	0	0	7051	249.79	15.23	1.93	8.73	27.29	8.49	36.91	0.98	32.53	30.71
6/19/2023 4:34:54 PM	6.05	0.00	8.94	0.00	0.00	0.00	0.00	0.35	14.99	100.00	-0.01	26.39	3208	0	4021	0	0	0	0	0	7229	249.62	15.06	1.75	9.01	27.37	8.55	37.07	0.98	32.54	30.70
6/19/2023 4:34:57 PM	5.79	0.00	9.07	0.00	0.00	0.00	0.00	0.36	14.85	100.00	-0.02	26.39	3066	0	4081	0	0	0	0	0	7147	249.17	15.17	1.82	8.90	27.34	8.63	36.98	0.98	32.52	30.73
6/19/2023 4:35:00 PM	5.95	0.00	9.04	0.00	0.00	0.00	0.00	0.35	14.99	100.00	-0.01	26.39	3153	0	4069	0	0	0	0	0	7222	249.63	15.14	1.93	8.86	27.33	8.59	37.19	0.98	32.52	30.71
6/19/2023 4:35:03 PM	5.96	0.00	9.00	0.00	0.00	0.00	0.00	0.36	14.97	100.00	-0.01	26.43	3161	0	4051	0	0	0	0	0	7212	249.55	15.11	1.98	8.90	27.45	8.70	37.10	0.98	32.57	30.78
6/19/2023 4:35:06 PM	5.59	0.00	9.18	0.00	0.00	0.00	0.00	0.37	14.77	100.00	-0.01	26.41	2964	0	4129	0	0	0	0	0	7093	249.18	15.25	2.04	8.70	27.37	8.63	37.02	0.98	32.53	30.71
6/19/2023 4:35:09 PM	6.10	0.00	8.94	0.00	0.00	0.00	0.00	0.35	15.04	100.00	-0.01	26.41	3233	0	4021	0	0	0	0	0	7254	248.88	15.04	1.97	8.84	27.39	8.75	37.12	0.98	32.54	30.70
6/19/2023 4:35:12 PM	6.08	0.00	9.06	0.00	0.00	0.00	0.00	0.33	15.14	100.00	-0.01	26.40	3224	0	4076	0	0	0	0	0	7300	249.16	15.19	1.95	8.91	27.39	8.90	37.31	0.98	32.54	30.71
6/19/2023 4:37:36 PM	0.74	0.00	2.20	0.00	0.00	0.00	0.00	0.70	2.95	100.00	-0.01	26.38	393	0	992	0	0	0	0	0	1385	252.12	4.30	0.42	4.83	13.40	3.96	10.73	0.98	32.49	30.76
6/19/2023 4:37:39 PM	0.83	0.00	2.15	0.00	0.00	0.00	0.00	0.69	2.98	100.00	-0.01	26.39	441	0	968	0	0	0	0	0	1410	252.46	4.22	0.73	4.76	13.41	4.11	10.70	0.98	32.49	30.76
6/19/2023 4:37:42 PM	0.70	0.00	2.16	0.00	0.00	0.00	0.00	0.71	2.86	100.00	-0.01	26.39	373	0	972	0	0	0	0	0	1345	252.15	4.23	0.44	4.63	13.43	3.98	10.65	0.98	32.47	30.73
6/19/2023 4:37:45 PM	0.51	0.00	2.28	0.00	0.00	0.00	0.00	0.71	2.79	100.00	-0.01	26.38	271	0	1025	0	0	0	0	0	1296	252.15	4.34	0.65	4.77	13.39	4.07	10.52	0.98	32.48	30.74
6/19/2023 4:37:48 PM	0.66	0.00	2.24	0.00	0.00	0.00	0.00	0.68	2.90	100.00	-0.01	26.40	352	0	1007	0	0	0	0	0	1360	251.91	4.29	0.54	4.71	13.18	4.14	10.57	0.98	32.47	30.73
6/19/2023 4:37:51 PM	0.93	0.00	2.09	0.00	0.00	0.00	0.00	0.67	3.02	100.00	-0.01	26.39	490	0	941	0	0	0	0	0	1431	252.23	4.15	0.54	4.81	13.18	4.15	10.57	0.98	32.46	30.73
6/19/2023 4:37:54 PM	0.78	0.00	2.10	0.00	0.00	0.00	0.00	0.69	2.88	100.00	-0.01	26.42	411	0	946	0	0	0	0	0	1357	252.42	4.15	0.62	4.95	13.22	4.01	10.38	0.98	32.50	30.76
6/19/2023 4:37:57 PM	0.55	0.00	2.21	0.00	0.00	0.00	0.00	0.70	2.76	100.00	-0.01	26.40	292	0	996	0	0	0	0	0	1288	252.13	4.25	0.62	4.87	13.20	3.92	10.37	0.98	32.46	30.73
6/19/2023 4:38:00 PM	0.67	0.00	2.19	0.00	0.00	0.00	0.00	0.70	2.86	100.00	-0.01	26.41	356	0	984	0	0	0	0	0	1340	251.98	4.24	0.66	4.88	13.32	3.91	10.53	0.98	32.47	30.76
6/19/2023 4:38:03 PM	0.75	0.00	2.19	0.00	0.00	0.00	0.00	0.67	2.94	100.00	-0.01	26.40	398	0	986	0	0	0	0	0	1385	252.14	4.25	0.65	4.92	13.17	4.19	10.48	0.98	32.46	30.74
6/19/2023 4:39:51 PM	1.93	0.00	3.04	0.00	0.00	0.00	0.00	0.66	4.98	100.00	-0.01	26.43	1024	0	1370	0	0	0	0	0	2394	250.79	5.85	0.77	6.12	15.87	5.01	14.62	0.98	32.42	30.74
6/19/2023 4:39:54 PM	1.91	0.00	3.04	0.00	0.00	0.00	0.00	0.69	4.95	100.00	-0.01	26.42	1014	0	1367	0	0	0	0	0	2381	250.36	5.87	0.94	6.15	16.19	4.99	14.69	0.98	32.47	30.74
6/19/2023 4:39:57 PM	1.78	0.00	3.13	0.00	0.00	0.00	0.00	0.68	4.92	100.00	-0.01	26.42	946	0	1410	0	0	0	0	0	2356	250.77	5.94	0.90	5.94	16.10	4.81	14.84	0.98	32.43	30.76
6/19/2023 4:40:00 PM	1.83	0.00	3.10	0.00	0.00	0.00	0.00	0.69	4.93	100.00	-0.01	26.42	969	0	1394	0	0	0	0	0	2364	250.49	5.93	0.79	5.87	16.21	4.99	14.84	0.98	32.42	30.74
6/19/2023 4:40:03 PM	1.93	0.00	3.06	0.00	0.00	0.00	0.00	0.69	4.99	100.00	-0.01	26.41	1022	0	1376	0	0	0	0	0	2398	250.65	5.90	0.76	6.03	16.21	4.96	14.85	0.98	32.41	30.73
6/19/2023 4:40:06 PM	1.67	0.00	3.28	0.00	0.00	0.00	0.00	0.65	4.95	100.00	-0.01	26.43	883	0	1478	0	0	0	0	0	2361	250.82	6.11	0.72	6.01	15.94	5.08	14.84	0.98	32.42	30.79
6/19/2023 4:40:09 PM	1.92	0.00	3.08	0.00	0.00	0.00	0.00	0.70	4.99	100.00	-0.01	26.43	1016	0	1384	0	0	0	0	0	2401	250.47	5.94	0.77	5.93	16.36	5.15	14.90	0.98	32.43	30.78
6/19/2023 4:40:12 PM	1.63	0.00	3.17	0.00	0.00	0.00	0.00	0.70	4.80	100.00	-0.01	26.43	863	0	1428	0	0	0	0	0	2291	250.54	6.00	0.67	5.83	16.19	4.98	14.74	0.98	32.42	30.74
6/19/2023 4:40:15 PM	1.91	0.00	3.07	0.00	0.00	0.00	0.00	0.67	4.98	100.00	-0.01	26.41	1013	0	1381	0	0	0	0	0	2393	250.37	5.88	0.83	5.82	16.04	5.20	14.76	0.98	32.41	30.74
6/19/2023 4:40:18 PM	1.88	0.00	3.04	0.00	0.00	0.00	0.00	0.69	4.93	100.00	-0.01	26.44	998	0	1369	0	0	0	0	0	2367	250.25	5.87	0.77	5.91	16.16	5.21	14.67	0.98	32.41	30.73
6/19/2023 4:45:21 PM	0.00	0.00	0.00	0.00	0.00	0.00	0.00	0.00	0.00	100.00	-0.01	26.39	0	0	0	0	0	0	0	0	0	250.32	-0.13	-0.07	2.84	0.82	1.95	0.00	0.98	32.28	30.76
6/19/2023 4:45:24 PM	0.00	0.00	0.00	0.00	0.00	0.00	0.00	0.00	0.00	100.00	-0.01	26.44	0	0	0	0	0	0	0	0	0	250.75	-0.06	-0.07	2.87	0.81	1.76	-0.09	0.98	32.31	30.82
6/19/2023 4:45:27 PM	0.00	0.00	0.00	0.00	0.00	0.00	0.00	0.00	0.00	100.00	-0.01	26.39	0	0	0	0	0	0	0	0	0	250.00	-0.21	0.08	2.86	0.82	1.88	0.07	0.98	32.27	30.78
6/19/2023 4:45:30 PM	0.00	0.00	0.00	0.00	0.00	0.00	0.00	0.00	0.00	100.00	-0.00	26.42	0	0	0	0	0	0	0	0	0	250.15	-0.14	-0.04	2.84	0.72	1.81	0.09	0.98	32.28	30.79
6/19/2023 4:45:33 PM	0.00	0.00	0.00	0.00	0.00	0.00	0.00	0.00	0.00	100.00	-0.01	26.41	0	0	0	0	0	0	0	0	0	250.14	-0.17	-0.07	2.91	0.71	1.91	-0.15	0.98	32.28	30.78
6/19/2023 4:45:36 PM	0.00	0.00	0.00	0.00	0.00	0.00	0.00	0.00	0.00	100.00	-0.01	26.42	0	0	0	0	0	0	0	0	0	250.16	-0.16	-0.09	2.75	0.68	1.88	0.06	0.98	32.27	30.81
6/19/2023 4:45:39 PM	0.00	0.00	0.00	0.00	0.00	0.00	0.00	0.00	0.00	100.00	-0.00	26.44	0	0	0	0	0	0	0	0	0	250.09	-0.17	-0.03	2.73	0.72	1.83	0.06	0.98	32.31	30.81
6/19/2023 4:45:42 PM	0.00	0.00	0.00	0.00	0.00	0.00	0.00	0.00	0.00	100.00	-0.01	26.42	0	0	0	0	0	0	0	0	0	250.46	-0.24	0.08	2.76	0.78	1.93	0.00	0.98	32.26	30.78
6/19/2023 4:45:45 PM	0.00	0.00	0.00	0.00	0.00	0.00	0.00	0.00	0.00	100.00	-0.01	26.44	0	0	0	0	0	0	0	0	0	250.28	-0.08	-0.15	2.83	0.85	1.89	0.15	0.98	32.28	30.81
6/19/2023 4:45:48 PM	0.00	0.00	0.00	0.00	0.00	0.00	0.00	0.00	0.00	100.00	-0.01	26.43	0	0	0	0	0	0	0	0	0	249.82	-0.35	0.02	2.86	0.67	1.92	0.12	0.98	32.29	30.78
6/19/2023 4:47:27 PM	0.86	0.00	2.43	0.00	0.00	0.00	0.00	0.68	3.28	100.00	-0.01	26.43	456	0	1091	0	0	0	0	0	1547	242.86	4.65	0.71	5.30	13.84	4.31	11.28	0.98	32.24	30.78
6/19/2023 4:47:30 PM	1.07	0.00	2.39	0.00	0.00	0.00	0.00	0.67	3.46	100.00	-0.01	26.45	566	0	1075	0	0	0	0	0	1640	243.35	4.66	0.62	5.38	13.89	4.57	11.40	0.98	32.26	30.79
6/19/2023 4:47:33 PM	1.37	0.00	2.30	0.00	0.00	0.00	0.00	0.64	3.67	100.00	-0.01	26.43	725	0	1036	0	0	0	0	0	1761	243.22	4.55	0.78	5.50	13.68	4.36	11.59	0.98	32.22	30.74
6/19/2023 4:47:36 PM	1.18	0.00	2.24	0.00	0.00	0.00	0.00	0.67	3.43	100.00	-0.01	26.44	626	0	1010	0	0	0	0	0	1636	244.05	4.49	0.73	5.65	13.79	4.46	11.12	0.98	32.24	30.78
6/19/2023 4:47:39 PM	0.99	0.00	2.30	0.00	0.00	0.00	0.00	0.68	3.29	100.00	-0.01	26.43	525	0	1036	0	0	0	0	0	1561	244.38	4.53	0.70	5.41	13.81	4.41	11.10	0.98	32.23	30.76
6/19/2023 4:47:42 PM	0.93	0.00	2.26	0.00	0.00	0.00	0.00	0.68	3.18	100.00	-0.01	26.43	490	0	1016	0	0	0	0	0	1506	244.74	4.41	0.74	5.14	13.53	4.38	10.89	0.98	32.22	30.78
6/19/2023 4:47:45 PM	0.94	0.00	2.25	0.00	0.00	0.00	0.00	0.68	3.20	100.00	-0.01	26.45	500	0	1013	0	0	0	0	0	1513	245.29	4.43	0.72	5.32	13.64	4.30	10.91	0.98	32.27	30.84
6/19/2023 4:47:48 PM	1.07	0.00	2.21	0.00	0.00	0.00	0.00	0.70	3.28	100.00	-0.01	26.44	565	0	995	0	0	0	0	0	1560	245.48	4.43	0.56	5.19	13.85	4.40	11.10	0.98	32.22	30.76
6/19/2023 4:47:51 PM	1.02	0.00	2.21	0.00	0.00	0.00	0.00	0.68	3.23	100.00	-0.01	26.44	539	0	995	0	0	0	0	0	1535	246.01	4.40	0.55	5.36	13.63	4.14	10.98	0.98	32.24	30.78
6/19/2023 4:47:54 PM	1.02	0.00	2.25	0.00	0.00	0.00	0.00	0.66	3.27	100.00	-0.00	26.44	543	0	1011	0	0	0	0	0	1554	246.00	4.40	0.78	5.31	13.50	4.20	10.99	0.98	32.26	30.78
6/19/2023 4:50:01 PM	1.44	0.00	0.37	0.27	0.00	0.00	0.00	0.47	2.08	100.00	-0.01	26.43	761	0	167	8	0	0	0	0	937	251.49	1.93	0.43	4.94	8.83	3.88	6.15	0.98	32.18	30.79
6/19/2023 4:50:04 PM	1.42	0.00	0.39	0.20	0.00	0.00	0.00	0.49	2.02	100.00	-0.01	26.44	752	0	177	6	0	0	0	0	935	251.17	1.87	0.46	4.80	8.99	3.80	6.15	0.98	32.18	30.79
6/19/2023 4:50:07 PM	1.35	0.00	0.42	0.23	0.00	0.00	0.00	0.48	2.00	100.00	-0.01	26.44	716	0	187	7	0	0	0	0	910	251.82	1.90	0.44	4.83	8.81	3.83	6.08	0.98	32.18	30.78
6/19/2023 4:50:10 PM	1.52	0.00	0.39	0.16	0.00	0.00	0.00	0.48	2.07	100.00	-0.01	26.44	807	0	173	5	0	0	0	0	985	252.10	1.81	0.52	4.82	8.98	3.72	6.20	0.98	32.16	30.78
6/19/2023 4:50:13 PM	1.70	0.00	0.26	0.25	0.00	0.00	0.00	0.46	2.21	100.00	-0.01	26.44	900	0	115	8	0	0	0	0	1023	251.32	1.79	0.43	5.03	8.78	3.84	6.18	0.98	32.20	30.79
6/19/2023 4:50:16 PM	1.41	0.00	0.45	0.22	0.00	0.00	0.00	0.48	2.08	100.00	-0.01	26.45	747	0	204	6	0	0	0	0	957	251.18	1.97	0.42	4.98	8.94	3.79	6.23	0.98	32.21	30.82
6/19/2023 4:50:19 PM	1.43	0.08	0.43	0.19	0.00	0.00	0.00	0.48	2.13	100.00	-0.00	26.45	758	78	193	6	0	0	0	0	1034	251.14	1.94	0.30	5.12	8.95	3.93	6.16	0.98	32.20	30.78
6/19/2023 4:50:22 PM	1.54	0.07	0.42	0.14	0.00	0.00	0.00	0.47	2.17	100.00	-0.01	26.45	817	73	189	4	0	0	0	0	1083	251.27	1.86	0.47	5.14	8.93	3.79	6.20	0.98	32.20	30.78
6/19/2023 4:50:25 PM	1.53	0.04	0.32	0.27	0.00	0.00	0.00	0.47	2.16	100.00	-0.01	26.44	811	43	142	8	0	0	0	0	1005	250.99	1.91	0.36	5.12	8.87	3.96	6.15	0.98	32.17	30.81
6/19/2023 4:50:28 PM	1.80	0.00	0.25	0.25	0.00	0.00	0.00	0.46	2.31	100.00	-0.01	26.44	956	0	114	8	0	0	0	0	1077	249.71	1.81	0.45	5.05	8.85	3.88	6.33	0.98	32.19	30.79
6/19/2023 4:51:13 PM	1.57	0.08	0.47	0.00	0.00	0.00	0.00	0.46	2.13	100.00	-0.01	26.45	833	80	213	0	0	0	0	0	1127	254.12	1.75	0.31	5.09	8.80	3.60	6.11	0.98	32.16	30.76
6/19/2023 4:51:16 PM	1.51	0.00	0.47	0.14	0.00	0.00	0.00	0.48	2.12	100.00	-0.01	26.46	801	0	210	4	0	0	0	0	1015	253.83	1.91	0.38	4.97	9.02	3.71	6.30	0.98	32.17	30.78
6/19/2023 4:51:19 PM	1.50	0.04	0.41	0.17	0.00	0.00	0.00	0.47	2.11	100.00	-0.01	26.45	793	36	184	5	0	0	0	0	1018	253.90	1.87	0.45	5.06	8.89	3.76	6.16	0.98	32.15	30.78
6/19/2023 4:51:22 PM	1.53	0.00	0.27	0.25	0.00	0.00	0.00	0.49	2.05	100.00	-0.01	26.45	811	0	119	8	0	0	0	0	938	254.18	1.79	0.43	4.86	8.95	3.84	6.08	0.98	32.16	30.76
6/19/2023 4:51:25 PM	1.39	0.00	0.42	0.21	0.00	0.00	0.00	0.48	2.03	100.00	-0.01	26.44	738	0	191	6	0	0	0	0	936	253.57	1.91	0.39	4.83	8.90	3.83	6.15	0.98	32.15	30.81
6/19/2023 4:51:28 PM	1.33	0.00	0.53	0.12	0.00	0.00	0.00	0.48	1.99	100.00	-0.01	26.44	706	0	240	4	0	0	0	0	950	254.04	1.92	0.46	4.72	8.96	3.73	6.21	0.98	32.16	30.79
6/19/2023 4:51:31 PM	1.30	0.00	0.43	0.22	0.00	0.00	0.00	0.49	1.95	100.00	-0.01	26.47	688	0	193	7	0	0	0	0	888	253.78	1.91	0.44	4.76	8.89	3.83	6.08	0.98	32.19	30.86
6/19/2023 4:51:34 PM	1.72	0.00	0.27	0.21	0.00	0.00	0.00	0.45	2.19	100.00	-0.01	26.44	911	0	120	6	0	0	0	0	1038	253.50	1.70	0.61	4.78	8.67	3.83	6.17	0.98	32.16	30.81
6/19/2023 4:51:37 PM	1.56	0.00	0.17	0.36	0.00	0.00	0.00	0.49	2.09	100.00	-0.01	26.44	829	0	77	11	0	0	0	0	917	253.64	1.80	0.59	4.89	8.90	3.95	6.08	0.98	32.16	30.78
6/19/2023 4:51:40 PM	1.74	0.02	0.22	0.21	0.00	0.00	0.00	0.47	2.19	100.00	-0.01	26.44	923	19	100	6	0	0	0	0	1048	253.71	1.72	0.42	5.05	8.90	3.78	6.15	0.98	32.16	30.79
6/19/2023 4:53:15 PM	0.00	0.00	0.00	0.00	0.00	0.00	0.00	0.00	0.00	100.00	-0.01	26.44	0	0	0	0	0	0	0	0	0	253.34	-0.20	-0.08	2.54	0.75	1.72	0.02	0.98	32.12	30.79
6/19/2023 4:53:18 PM	0.00	0.00	0.00	0.00	0.00	0.00	0.00	0.00	0.00	100.00	-0.02	26.43	0	0	0	0	0	0	0	0	0	253.70	-0.07	-0.06	2.19	0.80	1.59	-0.04	0.98	32.10	30.81
6/19/2023 4:53:21 PM	0.00	0.00	0.00	0.00	0.00	0.00	0.00	0.00	0.00	100.00	-0.01	26.44	0	0	0	0	0	0	0	0	0	253.79	-0.10	-0.00	2.38	0.81	1.62	0.09	0.98	32.11	30.81
6/19/2023 4:53:24 PM	0.00	0.00	0.00	0.00	0.00	0.00	0.00	0.00	0.00	100.00	-0.01	26.44	0	0	0	0	0	0	0	0	0	253.51	-0.26	-0.01	2.51	0.64	1.59	-0.05	0.98	32.12	30.81
6/19/2023 4:53:27 PM	0.00	0.00	0.00	0.00	0.00	0.00	0.00	0.00	0.00	100.00	-0.01	26.44	0	0	0	0	0	0	0	0	0	253.62	-0.24	-0.06	2.43	0.70	1.78	-0.01	0.98	32.11	30.78
6/19/2023 4:53:30 PM	0.00	0.00	0.00	0.00	0.00	0.00	0.00	0.00	0.00	100.00	-0.01	26.46	0	0	0	0	0	0	0	0	0	252.74	-0.07	-0.17	2.21	0.77	1.60	0.08	0.98	32.14	30.81
6/19/2023 4:53:33 PM	0.00	0.00	0.00	0.00	0.00	0.00	0.00	0.00	0.00	100.00	-0.01	26.44	0	0	0	0	0	0	0	0	0	253.91	-0.00	-0.09	2.48	0.66	1.50	0.02	0.98	32.11	30.78
6/19/2023 4:53:36 PM	0.00	0.00	0.00	0.00	0.00	0.00	0.00	0.00	0.00	100.00	-0.01	26.44	0	0	0	0	0	0	0	0	0	253.47	-0.10	-0.00	2.51	0.92	1.72	0.03	0.98	32.11	30.81
6/19/2023 4:53:39 PM	0.00	0.00	0.00	0.00	0.00	0.00	0.00	0.00	0.00	100.00	-0.01	26.44	0	0	0	0	0	0	0	0	0	253.42	-0.13	0.10	2.44	0.74	1.73	0.02	0.98	32.11	30.78
6/19/2023 4:53:42 PM	0.00	0.00	0.00	0.00	0.00	0.00	0.00	0.00	0.00	100.00	-0.01	26.45	0	0	0	0	0	0	0	0	0	253.15	-0.31	0.09	2.44	0.75	1.69	0.12	0.98	32.10	30.76
